-5 -5
20 20
21 20
19 21
20 21
20 18
21 18
19 19
20 19
22 22
23 22
21 23
22 23
22 20
23 20
21 21
22 21
5 -5
-20 20
-19 20
-21 21
-20 21
-20 18
-19 18
-21 19
-20 19
-18 22
-17 22
-19 23
-18 23
-18 20
-17 20
-19 21
-18 21
-5 -5
20 20
21 20
19 21
20 21
20 18
21 18
19 19
20 19
22 22
23 22
21 23
22 23
22 20
23 20
21 21
22 21
-5 5
20 -20
21 -20
19 -19
20 -19
20 -22
21 -22
19 -21
20 -21
22 -18
23 -18
21 -17
22 -17
22 -20
23 -20
21 -19
22 -19
-5 -4
20 16
21 16
19 17
20 17
20 14
21 14
19 15
20 15
22 18
23 18
21 19
22 19
22 16
23 16
21 17
22 17
5 -4
-20 16
-19 16
-21 17
-20 17
-20 14
-19 14
-21 15
-20 15
-18 18
-17 18
-19 19
-18 19
-18 16
-17 16
-19 17
-18 17
-4 -5
16 20
17 20
15 21
16 21
16 18
17 18
15 19
16 19
18 22
19 22
17 23
18 23
18 20
19 20
17 21
18 21
-4 5
16 -20
17 -20
15 -19
16 -19
16 -22
17 -22
15 -21
16 -21
18 -18
19 -18
17 -17
18 -17
18 -20
19 -20
17 -19
18 -19
-5 -3
20 12
21 12
19 13
20 13
20 10
21 10
19 11
20 11
22 14
23 14
21 15
22 15
22 12
23 12
21 13
22 13
5 -3
-20 12
-19 12
-21 13
-20 13
-20 10
-19 10
-21 11
-20 11
-18 14
-17 14
-19 15
-18 15
-18 12
-17 12
-19 13
-18 13
-3 -5
12 20
13 20
11 21
12 21
12 18
13 18
11 19
12 19
14 22
15 22
13 23
14 23
14 20
15 20
13 21
14 21
-3 5
12 -20
13 -20
11 -19
12 -19
12 -22
13 -22
11 -21
12 -21
14 -18
15 -18
13 -17
14 -17
14 -20
15 -20
13 -19
14 -19
-5 -2
20 8
21 8
19 9
20 9
20 6
21 6
19 7
20 7
22 10
23 10
21 11
22 11
22 8
23 8
21 9
22 9
5 -2
-20 8
-19 8
-21 9
-20 9
-20 6
-19 6
-21 7
-20 7
-18 10
-17 10
-19 11
-18 11
-18 8
-17 8
-19 9
-18 9
-2 -5
8 20
9 20
7 21
8 21
8 18
9 18
7 19
8 19
10 22
11 22
9 23
10 23
10 20
11 20
9 21
10 21
-2 5
8 -20
9 -20
7 -19
8 -19
8 -22
9 -22
7 -21
8 -21
10 -18
11 -18
9 -17
10 -17
10 -20
11 -20
9 -19
10 -19
-5 -1
20 4
21 4
19 5
20 5
20 2
21 2
19 3
20 3
22 6
23 6
21 7
22 7
22 4
23 4
21 5
22 5
5 -1
-20 4
-19 4
-21 5
-20 5
-20 2
-19 2
-21 3
-20 3
-18 6
-17 6
-19 7
-18 7
-18 4
-17 4
-19 5
-18 5
-1 -5
4 20
5 20
3 21
4 21
4 18
5 18
3 19
4 19
6 22
7 22
5 23
6 23
6 20
7 20
5 21
6 21
-1 5
4 -20
5 -20
3 -19
4 -19
4 -22
5 -22
3 -21
4 -21
6 -18
7 -18
5 -17
6 -17
6 -20
7 -20
5 -19
6 -19
-5 0
20 0
21 0
19 1
20 1
20 -2
21 -2
19 -1
20 -1
22 2
23 2
21 3
22 3
22 0
23 0
21 1
22 1
5 0
-20 0
-19 0
-21 1
-20 1
-20 -2
-19 -2
-21 -1
-20 -1
-18 2
-17 2
-19 3
-18 3
-18 0
-17 0
-19 1
-18 1
0 -5
0 20
1 20
-1 21
0 21
0 18
1 18
-1 19
0 19
2 22
3 22
1 23
2 23
2 20
3 20
1 21
2 21
0 5
0 -20
1 -20
-1 -19
0 -19
0 -22
1 -22
-1 -21
0 -21
2 -18
3 -18
1 -17
2 -17
2 -20
3 -20
1 -19
2 -19
-5 1
20 -4
21 -4
19 -3
20 -3
20 -6
21 -6
19 -5
20 -5
22 -2
23 -2
21 -1
22 -1
22 -4
23 -4
21 -3
22 -3
5 1
-20 -4
-19 -4
-21 -3
-20 -3
-20 -6
-19 -6
-21 -5
-20 -5
-18 -2
-17 -2
-19 -1
-18 -1
-18 -4
-17 -4
-19 -3
-18 -3
1 -5
-4 20
-3 20
-5 21
-4 21
-4 18
-3 18
-5 19
-4 19
-2 22
-1 22
-3 23
-2 23
-2 20
-1 20
-3 21
-2 21
1 5
-4 -20
-3 -20
-5 -19
-4 -19
-4 -22
-3 -22
-5 -21
-4 -21
-2 -18
-1 -18
-3 -17
-2 -17
-2 -20
-1 -20
-3 -19
-2 -19
-5 2
20 -8
21 -8
19 -7
20 -7
20 -10
21 -10
19 -9
20 -9
22 -6
23 -6
21 -5
22 -5
22 -8
23 -8
21 -7
22 -7
5 2
-20 -8
-19 -8
-21 -7
-20 -7
-20 -10
-19 -10
-21 -9
-20 -9
-18 -6
-17 -6
-19 -5
-18 -5
-18 -8
-17 -8
-19 -7
-18 -7
2 -5
-8 20
-7 20
-9 21
-8 21
-8 18
-7 18
-9 19
-8 19
-6 22
-5 22
-7 23
-6 23
-6 20
-5 20
-7 21
-6 21
2 5
-8 -20
-7 -20
-9 -19
-8 -19
-8 -22
-7 -22
-9 -21
-8 -21
-6 -18
-5 -18
-7 -17
-6 -17
-6 -20
-5 -20
-7 -19
-6 -19
-5 3
20 -12
21 -12
19 -11
20 -11
20 -14
21 -14
19 -13
20 -13
22 -10
23 -10
21 -9
22 -9
22 -12
23 -12
21 -11
22 -11
5 3
-20 -12
-19 -12
-21 -11
-20 -11
-20 -14
-19 -14
-21 -13
-20 -13
-18 -10
-17 -10
-19 -9
-18 -9
-18 -12
-17 -12
-19 -11
-18 -11
3 -5
-12 20
-11 20
-13 21
-12 21
-12 18
-11 18
-13 19
-12 19
-10 22
-9 22
-11 23
-10 23
-10 20
-9 20
-11 21
-10 21
3 5
-12 -20
-11 -20
-13 -19
-12 -19
-12 -22
-11 -22
-13 -21
-12 -21
-10 -18
-9 -18
-11 -17
-10 -17
-10 -20
-9 -20
-11 -19
-10 -19
-5 4
20 -16
21 -16
19 -15
20 -15
20 -18
21 -18
19 -17
20 -17
22 -14
23 -14
21 -13
22 -13
22 -16
23 -16
21 -15
22 -15
5 4
-20 -16
-19 -16
-21 -15
-20 -15
-20 -18
-19 -18
-21 -17
-20 -17
-18 -14
-17 -14
-19 -13
-18 -13
-18 -16
-17 -16
-19 -15
-18 -15
4 -5
-16 20
-15 20
-17 21
-16 21
-16 18
-15 18
-17 19
-16 19
-14 22
-13 22
-15 23
-14 23
-14 20
-13 20
-15 21
-14 21
4 5
-16 -20
-15 -20
-17 -19
-16 -19
-16 -22
-15 -22
-17 -21
-16 -21
-14 -18
-13 -18
-15 -17
-14 -17
-14 -20
-13 -20
-15 -19
-14 -19
-5 5
20 -20
21 -20
19 -19
20 -19
20 -22
21 -22
19 -21
20 -21
22 -18
23 -18
21 -17
22 -17
22 -20
23 -20
21 -19
22 -19
5 5
-20 -20
-19 -20
-21 -19
-20 -19
-20 -22
-19 -22
-21 -21
-20 -21
-18 -18
-17 -18
-19 -17
-18 -17
-18 -20
-17 -20
-19 -19
-18 -19
5 -5
-20 20
-19 20
-21 21
-20 21
-20 18
-19 18
-21 19
-20 19
-18 22
-17 22
-19 23
-18 23
-18 20
-17 20
-19 21
-18 21
5 5
-20 -20
-19 -20
-21 -19
-20 -19
-20 -22
-19 -22
-21 -21
-20 -21
-18 -18
-17 -18
-19 -17
-18 -17
-18 -20
-17 -20
-19 -19
-18 -19
-6 -6
24 24
25 24
23 25
24 25
24 22
25 22
23 23
24 23
26 26
27 26
25 27
26 27
26 24
27 24
25 25
26 25
6 -6
-24 24
-23 24
-25 25
-24 25
-24 22
-23 22
-25 23
-24 23
-22 26
-21 26
-23 27
-22 27
-22 24
-21 24
-23 25
-22 25
-6 -6
24 24
25 24
23 25
24 25
24 22
25 22
23 23
24 23
26 26
27 26
25 27
26 27
26 24
27 24
25 25
26 25
-6 6
24 -24
25 -24
23 -23
24 -23
24 -26
25 -26
23 -25
24 -25
26 -22
27 -22
25 -21
26 -21
26 -24
27 -24
25 -23
26 -23
-6 -5
24 20
25 20
23 21
24 21
24 18
25 18
23 19
24 19
26 22
27 22
25 23
26 23
26 20
27 20
25 21
26 21
6 -5
-24 20
-23 20
-25 21
-24 21
-24 18
-23 18
-25 19
-24 19
-22 22
-21 22
-23 23
-22 23
-22 20
-21 20
-23 21
-22 21
-5 -6
20 24
21 24
19 25
20 25
20 22
21 22
19 23
20 23
22 26
23 26
21 27
22 27
22 24
23 24
21 25
22 25
-5 6
20 -24
21 -24
19 -23
20 -23
20 -26
21 -26
19 -25
20 -25
22 -22
23 -22
21 -21
22 -21
22 -24
23 -24
21 -23
22 -23
-6 -4
24 16
25 16
23 17
24 17
24 14
25 14
23 15
24 15
26 18
27 18
25 19
26 19
26 16
27 16
25 17
26 17
6 -4
-24 16
-23 16
-25 17
-24 17
-24 14
-23 14
-25 15
-24 15
-22 18
-21 18
-23 19
-22 19
-22 16
-21 16
-23 17
-22 17
-4 -6
16 24
17 24
15 25
16 25
16 22
17 22
15 23
16 23
18 26
19 26
17 27
18 27
18 24
19 24
17 25
18 25
-4 6
16 -24
17 -24
15 -23
16 -23
16 -26
17 -26
15 -25
16 -25
18 -22
19 -22
17 -21
18 -21
18 -24
19 -24
17 -23
18 -23
-6 -3
24 12
25 12
23 13
24 13
24 10
25 10
23 11
24 11
26 14
27 14
25 15
26 15
26 12
27 12
25 13
26 13
6 -3
-24 12
-23 12
-25 13
-24 13
-24 10
-23 10
-25 11
-24 11
-22 14
-21 14
-23 15
-22 15
-22 12
-21 12
-23 13
-22 13
-3 -6
12 24
13 24
11 25
12 25
12 22
13 22
11 23
12 23
14 26
15 26
13 27
14 27
14 24
15 24
13 25
14 25
-3 6
12 -24
13 -24
11 -23
12 -23
12 -26
13 -26
11 -25
12 -25
14 -22
15 -22
13 -21
14 -21
14 -24
15 -24
13 -23
14 -23
-6 -2
24 8
25 8
23 9
24 9
24 6
25 6
23 7
24 7
26 10
27 10
25 11
26 11
26 8
27 8
25 9
26 9
6 -2
-24 8
-23 8
-25 9
-24 9
-24 6
-23 6
-25 7
-24 7
-22 10
-21 10
-23 11
-22 11
-22 8
-21 8
-23 9
-22 9
-2 -6
8 24
9 24
7 25
8 25
8 22
9 22
7 23
8 23
10 26
11 26
9 27
10 27
10 24
11 24
9 25
10 25
-2 6
8 -24
9 -24
7 -23
8 -23
8 -26
9 -26
7 -25
8 -25
10 -22
11 -22
9 -21
10 -21
10 -24
11 -24
9 -23
10 -23
-6 -1
24 4
25 4
23 5
24 5
24 2
25 2
23 3
24 3
26 6
27 6
25 7
26 7
26 4
27 4
25 5
26 5
6 -1
-24 4
-23 4
-25 5
-24 5
-24 2
-23 2
-25 3
-24 3
-22 6
-21 6
-23 7
-22 7
-22 4
-21 4
-23 5
-22 5
-1 -6
4 24
5 24
3 25
4 25
4 22
5 22
3 23
4 23
6 26
7 26
5 27
6 27
6 24
7 24
5 25
6 25
-1 6
4 -24
5 -24
3 -23
4 -23
4 -26
5 -26
3 -25
4 -25
6 -22
7 -22
5 -21
6 -21
6 -24
7 -24
5 -23
6 -23
-6 0
24 0
25 0
23 1
24 1
24 -2
25 -2
23 -1
24 -1
26 2
27 2
25 3
26 3
26 0
27 0
25 1
26 1
6 0
-24 0
-23 0
-25 1
-24 1
-24 -2
-23 -2
-25 -1
-24 -1
-22 2
-21 2
-23 3
-22 3
-22 0
-21 0
-23 1
-22 1
0 -6
0 24
1 24
-1 25
0 25
0 22
1 22
-1 23
0 23
2 26
3 26
1 27
2 27
2 24
3 24
1 25
2 25
0 6
0 -24
1 -24
-1 -23
0 -23
0 -26
1 -26
-1 -25
0 -25
2 -22
3 -22
1 -21
2 -21
2 -24
3 -24
1 -23
2 -23
-6 1
24 -4
25 -4
23 -3
24 -3
24 -6
25 -6
23 -5
24 -5
26 -2
27 -2
25 -1
26 -1
26 -4
27 -4
25 -3
26 -3
6 1
-24 -4
-23 -4
-25 -3
-24 -3
-24 -6
-23 -6
-25 -5
-24 -5
-22 -2
-21 -2
-23 -1
-22 -1
-22 -4
-21 -4
-23 -3
-22 -3
1 -6
-4 24
-3 24
-5 25
-4 25
-4 22
-3 22
-5 23
-4 23
-2 26
-1 26
-3 27
-2 27
-2 24
-1 24
-3 25
-2 25
1 6
-4 -24
-3 -24
-5 -23
-4 -23
-4 -26
-3 -26
-5 -25
-4 -25
-2 -22
-1 -22
-3 -21
-2 -21
-2 -24
-1 -24
-3 -23
-2 -23
-6 2
24 -8
25 -8
23 -7
24 -7
24 -10
25 -10
23 -9
24 -9
26 -6
27 -6
25 -5
26 -5
26 -8
27 -8
25 -7
26 -7
6 2
-24 -8
-23 -8
-25 -7
-24 -7
-24 -10
-23 -10
-25 -9
-24 -9
-22 -6
-21 -6
-23 -5
-22 -5
-22 -8
-21 -8
-23 -7
-22 -7
2 -6
-8 24
-7 24
-9 25
-8 25
-8 22
-7 22
-9 23
-8 23
-6 26
-5 26
-7 27
-6 27
-6 24
-5 24
-7 25
-6 25
2 6
-8 -24
-7 -24
-9 -23
-8 -23
-8 -26
-7 -26
-9 -25
-8 -25
-6 -22
-5 -22
-7 -21
-6 -21
-6 -24
-5 -24
-7 -23
-6 -23
-6 3
24 -12
25 -12
23 -11
24 -11
24 -14
25 -14
23 -13
24 -13
26 -10
27 -10
25 -9
26 -9
26 -12
27 -12
25 -11
26 -11
6 3
-24 -12
-23 -12
-25 -11
-24 -11
-24 -14
-23 -14
-25 -13
-24 -13
-22 -10
-21 -10
-23 -9
-22 -9
-22 -12
-21 -12
-23 -11
-22 -11
3 -6
-12 24
-11 24
-13 25
-12 25
-12 22
-11 22
-13 23
-12 23
-10 26
-9 26
-11 27
-10 27
-10 24
-9 24
-11 25
-10 25
3 6
-12 -24
-11 -24
-13 -23
-12 -23
-12 -26
-11 -26
-13 -25
-12 -25
-10 -22
-9 -22
-11 -21
-10 -21
-10 -24
-9 -24
-11 -23
-10 -23
-6 4
24 -16
25 -16
23 -15
24 -15
24 -18
25 -18
23 -17
24 -17
26 -14
27 -14
25 -13
26 -13
26 -16
27 -16
25 -15
26 -15
6 4
-24 -16
-23 -16
-25 -15
-24 -15
-24 -18
-23 -18
-25 -17
-24 -17
-22 -14
-21 -14
-23 -13
-22 -13
-22 -16
-21 -16
-23 -15
-22 -15
4 -6
-16 24
-15 24
-17 25
-16 25
-16 22
-15 22
-17 23
-16 23
-14 26
-13 26
-15 27
-14 27
-14 24
-13 24
-15 25
-14 25
4 6
-16 -24
-15 -24
-17 -23
-16 -23
-16 -26
-15 -26
-17 -25
-16 -25
-14 -22
-13 -22
-15 -21
-14 -21
-14 -24
-13 -24
-15 -23
-14 -23
-6 5
24 -20
25 -20
23 -19
24 -19
24 -22
25 -22
23 -21
24 -21
26 -18
27 -18
25 -17
26 -17
26 -20
27 -20
25 -19
26 -19
6 5
-24 -20
-23 -20
-25 -19
-24 -19
-24 -22
-23 -22
-25 -21
-24 -21
-22 -18
-21 -18
-23 -17
-22 -17
-22 -20
-21 -20
-23 -19
-22 -19
5 -6
-20 24
-19 24
-21 25
-20 25
-20 22
-19 22
-21 23
-20 23
-18 26
-17 26
-19 27
-18 27
-18 24
-17 24
-19 25
-18 25
5 6
-20 -24
-19 -24
-21 -23
-20 -23
-20 -26
-19 -26
-21 -25
-20 -25
-18 -22
-17 -22
-19 -21
-18 -21
-18 -24
-17 -24
-19 -23
-18 -23
-6 6
24 -24
25 -24
23 -23
24 -23
24 -26
25 -26
23 -25
24 -25
26 -22
27 -22
25 -21
26 -21
26 -24
27 -24
25 -23
26 -23
6 6
-24 -24
-23 -24
-25 -23
-24 -23
-24 -26
-23 -26
-25 -25
-24 -25
-22 -22
-21 -22
-23 -21
-22 -21
-22 -24
-21 -24
-23 -23
-22 -23
6 -6
-24 24
-23 24
-25 25
-24 25
-24 22
-23 22
-25 23
-24 23
-22 26
-21 26
-23 27
-22 27
-22 24
-21 24
-23 25
-22 25
6 6
-24 -24
-23 -24
-25 -23
-24 -23
-24 -26
-23 -26
-25 -25
-24 -25
-22 -22
-21 -22
-23 -21
-22 -21
-22 -24
-21 -24
-23 -23
-22 -23
-7 -7
28 28
29 28
27 29
28 29
28 26
29 26
27 27
28 27
30 30
31 30
29 31
30 31
30 28
31 28
29 29
30 29
7 -7
-28 28
-27 28
-29 29
-28 29
-28 26
-27 26
-29 27
-28 27
-26 30
-25 30
-27 31
-26 31
-26 28
-25 28
-27 29
-26 29
-7 -7
28 28
29 28
27 29
28 29
28 26
29 26
27 27
28 27
30 30
31 30
29 31
30 31
30 28
31 28
29 29
30 29
-7 7
28 -28
29 -28
27 -27
28 -27
28 -30
29 -30
27 -29
28 -29
30 -26
31 -26
29 -25
30 -25
30 -28
31 -28
29 -27
30 -27
-7 -6
28 24
29 24
27 25
28 25
28 22
29 22
27 23
28 23
30 26
31 26
29 27
30 27
30 24
31 24
29 25
30 25
7 -6
-28 24
-27 24
-29 25
-28 25
-28 22
-27 22
-29 23
-28 23
-26 26
-25 26
-27 27
-26 27
-26 24
-25 24
-27 25
-26 25
-6 -7
24 28
25 28
23 29
24 29
24 26
25 26
23 27
24 27
26 30
27 30
25 31
26 31
26 28
27 28
25 29
26 29
-6 7
24 -28
25 -28
23 -27
24 -27
24 -30
25 -30
23 -29
24 -29
26 -26
27 -26
25 -25
26 -25
26 -28
27 -28
25 -27
26 -27
-7 -5
28 20
29 20
27 21
28 21
28 18
29 18
27 19
28 19
30 22
31 22
29 23
30 23
30 20
31 20
29 21
30 21
7 -5
-28 20
-27 20
-29 21
-28 21
-28 18
-27 18
-29 19
-28 19
-26 22
-25 22
-27 23
-26 23
-26 20
-25 20
-27 21
-26 21
-5 -7
20 28
21 28
19 29
20 29
20 26
21 26
19 27
20 27
22 30
23 30
21 31
22 31
22 28
23 28
21 29
22 29
-5 7
20 -28
21 -28
19 -27
20 -27
20 -30
21 -30
19 -29
20 -29
22 -26
23 -26
21 -25
22 -25
22 -28
23 -28
21 -27
22 -27
-7 -4
28 16
29 16
27 17
28 17
28 14
29 14
27 15
28 15
30 18
31 18
29 19
30 19
30 16
31 16
29 17
30 17
7 -4
-28 16
-27 16
-29 17
-28 17
-28 14
-27 14
-29 15
-28 15
-26 18
-25 18
-27 19
-26 19
-26 16
-25 16
-27 17
-26 17
-4 -7
16 28
17 28
15 29
16 29
16 26
17 26
15 27
16 27
18 30
19 30
17 31
18 31
18 28
19 28
17 29
18 29
-4 7
16 -28
17 -28
15 -27
16 -27
16 -30
17 -30
15 -29
16 -29
18 -26
19 -26
17 -25
18 -25
18 -28
19 -28
17 -27
18 -27
-7 -3
28 12
29 12
27 13
28 13
28 10
29 10
27 11
28 11
30 14
31 14
29 15
30 15
30 12
31 12
29 13
30 13
7 -3
-28 12
-27 12
-29 13
-28 13
-28 10
-27 10
-29 11
-28 11
-26 14
-25 14
-27 15
-26 15
-26 12
-25 12
-27 13
-26 13
-3 -7
12 28
13 28
11 29
12 29
12 26
13 26
11 27
12 27
14 30
15 30
13 31
14 31
14 28
15 28
13 29
14 29
-3 7
12 -28
13 -28
11 -27
12 -27
12 -30
13 -30
11 -29
12 -29
14 -26
15 -26
13 -25
14 -25
14 -28
15 -28
13 -27
14 -27
-7 -2
28 8
29 8
27 9
28 9
28 6
29 6
27 7
28 7
30 10
31 10
29 11
30 11
30 8
31 8
29 9
30 9
7 -2
-28 8
-27 8
-29 9
-28 9
-28 6
-27 6
-29 7
-28 7
-26 10
-25 10
-27 11
-26 11
-26 8
-25 8
-27 9
-26 9
-2 -7
8 28
9 28
7 29
8 29
8 26
9 26
7 27
8 27
10 30
11 30
9 31
10 31
10 28
11 28
9 29
10 29
-2 7
8 -28
9 -28
7 -27
8 -27
8 -30
9 -30
7 -29
8 -29
10 -26
11 -26
9 -25
10 -25
10 -28
11 -28
9 -27
10 -27
-7 -1
28 4
29 4
27 5
28 5
28 2
29 2
27 3
28 3
30 6
31 6
29 7
30 7
30 4
31 4
29 5
30 5
7 -1
-28 4
-27 4
-29 5
-28 5
-28 2
-27 2
-29 3
-28 3
-26 6
-25 6
-27 7
-26 7
-26 4
-25 4
-27 5
-26 5
-1 -7
4 28
5 28
3 29
4 29
4 26
5 26
3 27
4 27
6 30
7 30
5 31
6 31
6 28
7 28
5 29
6 29
-1 7
4 -28
5 -28
3 -27
4 -27
4 -30
5 -30
3 -29
4 -29
6 -26
7 -26
5 -25
6 -25
6 -28
7 -28
5 -27
6 -27
-7 0
28 0
29 0
27 1
28 1
28 -2
29 -2
27 -1
28 -1
30 2
31 2
29 3
30 3
30 0
31 0
29 1
30 1
7 0
-28 0
-27 0
-29 1
-28 1
-28 -2
-27 -2
-29 -1
-28 -1
-26 2
-25 2
-27 3
-26 3
-26 0
-25 0
-27 1
-26 1
0 -7
0 28
1 28
-1 29
0 29
0 26
1 26
-1 27
0 27
2 30
3 30
1 31
2 31
2 28
3 28
1 29
2 29
0 7
0 -28
1 -28
-1 -27
0 -27
0 -30
1 -30
-1 -29
0 -29
2 -26
3 -26
1 -25
2 -25
2 -28
3 -28
1 -27
2 -27
-7 1
28 -4
29 -4
27 -3
28 -3
28 -6
29 -6
27 -5
28 -5
30 -2
31 -2
29 -1
30 -1
30 -4
31 -4
29 -3
30 -3
7 1
-28 -4
-27 -4
-29 -3
-28 -3
-28 -6
-27 -6
-29 -5
-28 -5
-26 -2
-25 -2
-27 -1
-26 -1
-26 -4
-25 -4
-27 -3
-26 -3
1 -7
-4 28
-3 28
-5 29
-4 29
-4 26
-3 26
-5 27
-4 27
-2 30
-1 30
-3 31
-2 31
-2 28
-1 28
-3 29
-2 29
1 7
-4 -28
-3 -28
-5 -27
-4 -27
-4 -30
-3 -30
-5 -29
-4 -29
-2 -26
-1 -26
-3 -25
-2 -25
-2 -28
-1 -28
-3 -27
-2 -27
-7 2
28 -8
29 -8
27 -7
28 -7
28 -10
29 -10
27 -9
28 -9
30 -6
31 -6
29 -5
30 -5
30 -8
31 -8
29 -7
30 -7
7 2
-28 -8
-27 -8
-29 -7
-28 -7
-28 -10
-27 -10
-29 -9
-28 -9
-26 -6
-25 -6
-27 -5
-26 -5
-26 -8
-25 -8
-27 -7
-26 -7
2 -7
-8 28
-7 28
-9 29
-8 29
-8 26
-7 26
-9 27
-8 27
-6 30
-5 30
-7 31
-6 31
-6 28
-5 28
-7 29
-6 29
2 7
-8 -28
-7 -28
-9 -27
-8 -27
-8 -30
-7 -30
-9 -29
-8 -29
-6 -26
-5 -26
-7 -25
-6 -25
-6 -28
-5 -28
-7 -27
-6 -27
-7 3
28 -12
29 -12
27 -11
28 -11
28 -14
29 -14
27 -13
28 -13
30 -10
31 -10
29 -9
30 -9
30 -12
31 -12
29 -11
30 -11
7 3
-28 -12
-27 -12
-29 -11
-28 -11
-28 -14
-27 -14
-29 -13
-28 -13
-26 -10
-25 -10
-27 -9
-26 -9
-26 -12
-25 -12
-27 -11
-26 -11
3 -7
-12 28
-11 28
-13 29
-12 29
-12 26
-11 26
-13 27
-12 27
-10 30
-9 30
-11 31
-10 31
-10 28
-9 28
-11 29
-10 29
3 7
-12 -28
-11 -28
-13 -27
-12 -27
-12 -30
-11 -30
-13 -29
-12 -29
-10 -26
-9 -26
-11 -25
-10 -25
-10 -28
-9 -28
-11 -27
-10 -27
-7 4
28 -16
29 -16
27 -15
28 -15
28 -18
29 -18
27 -17
28 -17
30 -14
31 -14
29 -13
30 -13
30 -16
31 -16
29 -15
30 -15
7 4
-28 -16
-27 -16
-29 -15
-28 -15
-28 -18
-27 -18
-29 -17
-28 -17
-26 -14
-25 -14
-27 -13
-26 -13
-26 -16
-25 -16
-27 -15
-26 -15
4 -7
-16 28
-15 28
-17 29
-16 29
-16 26
-15 26
-17 27
-16 27
-14 30
-13 30
-15 31
-14 31
-14 28
-13 28
-15 29
-14 29
4 7
-16 -28
-15 -28
-17 -27
-16 -27
-16 -30
-15 -30
-17 -29
-16 -29
-14 -26
-13 -26
-15 -25
-14 -25
-14 -28
-13 -28
-15 -27
-14 -27
-7 5
28 -20
29 -20
27 -19
28 -19
28 -22
29 -22
27 -21
28 -21
30 -18
31 -18
29 -17
30 -17
30 -20
31 -20
29 -19
30 -19
7 5
-28 -20
-27 -20
-29 -19
-28 -19
-28 -22
-27 -22
-29 -21
-28 -21
-26 -18
-25 -18
-27 -17
-26 -17
-26 -20
-25 -20
-27 -19
-26 -19
5 -7
-20 28
-19 28
-21 29
-20 29
-20 26
-19 26
-21 27
-20 27
-18 30
-17 30
-19 31
-18 31
-18 28
-17 28
-19 29
-18 29
5 7
-20 -28
-19 -28
-21 -27
-20 -27
-20 -30
-19 -30
-21 -29
-20 -29
-18 -26
-17 -26
-19 -25
-18 -25
-18 -28
-17 -28
-19 -27
-18 -27
-7 6
28 -24
29 -24
27 -23
28 -23
28 -26
29 -26
27 -25
28 -25
30 -22
31 -22
29 -21
30 -21
30 -24
31 -24
29 -23
30 -23
7 6
-28 -24
-27 -24
-29 -23
-28 -23
-28 -26
-27 -26
-29 -25
-28 -25
-26 -22
-25 -22
-27 -21
-26 -21
-26 -24
-25 -24
-27 -23
-26 -23
6 -7
-24 28
-23 28
-25 29
-24 29
-24 26
-23 26
-25 27
-24 27
-22 30
-21 30
-23 31
-22 31
-22 28
-21 28
-23 29
-22 29
6 7
-24 -28
-23 -28
-25 -27
-24 -27
-24 -30
-23 -30
-25 -29
-24 -29
-22 -26
-21 -26
-23 -25
-22 -25
-22 -28
-21 -28
-23 -27
-22 -27
-7 7
28 -28
29 -28
27 -27
28 -27
28 -30
29 -30
27 -29
28 -29
30 -26
31 -26
29 -25
30 -25
30 -28
31 -28
29 -27
30 -27
7 7
-28 -28
-27 -28
-29 -27
-28 -27
-28 -30
-27 -30
-29 -29
-28 -29
-26 -26
-25 -26
-27 -25
-26 -25
-26 -28
-25 -28
-27 -27
-26 -27
7 -7
-28 28
-27 28
-29 29
-28 29
-28 26
-27 26
-29 27
-28 27
-26 30
-25 30
-27 31
-26 31
-26 28
-25 28
-27 29
-26 29
7 7
-28 -28
-27 -28
-29 -27
-28 -27
-28 -30
-27 -30
-29 -29
-28 -29
-26 -26
-25 -26
-27 -25
-26 -25
-26 -28
-25 -28
-27 -27
-26 -27
-8 -8
32 32
33 32
31 33
32 33
32 30
33 30
31 31
32 31
34 34
35 34
33 35
34 35
34 32
35 32
33 33
34 33
8 -8
-32 32
-31 32
-33 33
-32 33
-32 30
-31 30
-33 31
-32 31
-30 34
-29 34
-31 35
-30 35
-30 32
-29 32
-31 33
-30 33
-8 -8
32 32
33 32
31 33
32 33
32 30
33 30
31 31
32 31
34 34
35 34
33 35
34 35
34 32
35 32
33 33
34 33
-8 8
32 -32
33 -32
31 -31
32 -31
32 -34
33 -34
31 -33
32 -33
34 -30
35 -30
33 -29
34 -29
34 -32
35 -32
33 -31
34 -31
-8 -7
32 28
33 28
31 29
32 29
32 26
33 26
31 27
32 27
34 30
35 30
33 31
34 31
34 28
35 28
33 29
34 29
8 -7
-32 28
-31 28
-33 29
-32 29
-32 26
-31 26
-33 27
-32 27
-30 30
-29 30
-31 31
-30 31
-30 28
-29 28
-31 29
-30 29
-7 -8
28 32
29 32
27 33
28 33
28 30
29 30
27 31
28 31
30 34
31 34
29 35
30 35
30 32
31 32
29 33
30 33
-7 8
28 -32
29 -32
27 -31
28 -31
28 -34
29 -34
27 -33
28 -33
30 -30
31 -30
29 -29
30 -29
30 -32
31 -32
29 -31
30 -31
-8 -6
32 24
33 24
31 25
32 25
32 22
33 22
31 23
32 23
34 26
35 26
33 27
34 27
34 24
35 24
33 25
34 25
8 -6
-32 24
-31 24
-33 25
-32 25
-32 22
-31 22
-33 23
-32 23
-30 26
-29 26
-31 27
-30 27
-30 24
-29 24
-31 25
-30 25
-6 -8
24 32
25 32
23 33
24 33
24 30
25 30
23 31
24 31
26 34
27 34
25 35
26 35
26 32
27 32
25 33
26 33
-6 8
24 -32
25 -32
23 -31
24 -31
24 -34
25 -34
23 -33
24 -33
26 -30
27 -30
25 -29
26 -29
26 -32
27 -32
25 -31
26 -31
-8 -5
32 20
33 20
31 21
32 21
32 18
33 18
31 19
32 19
34 22
35 22
33 23
34 23
34 20
35 20
33 21
34 21
8 -5
-32 20
-31 20
-33 21
-32 21
-32 18
-31 18
-33 19
-32 19
-30 22
-29 22
-31 23
-30 23
-30 20
-29 20
-31 21
-30 21
-5 -8
20 32
21 32
19 33
20 33
20 30
21 30
19 31
20 31
22 34
23 34
21 35
22 35
22 32
23 32
21 33
22 33
-5 8
20 -32
21 -32
19 -31
20 -31
20 -34
21 -34
19 -33
20 -33
22 -30
23 -30
21 -29
22 -29
22 -32
23 -32
21 -31
22 -31
-8 -4
32 16
33 16
31 17
32 17
32 14
33 14
31 15
32 15
34 18
35 18
33 19
34 19
34 16
35 16
33 17
34 17
8 -4
-32 16
-31 16
-33 17
-32 17
-32 14
-31 14
-33 15
-32 15
-30 18
-29 18
-31 19
-30 19
-30 16
-29 16
-31 17
-30 17
-4 -8
16 32
17 32
15 33
16 33
16 30
17 30
15 31
16 31
18 34
19 34
17 35
18 35
18 32
19 32
17 33
18 33
-4 8
16 -32
17 -32
15 -31
16 -31
16 -34
17 -34
15 -33
16 -33
18 -30
19 -30
17 -29
18 -29
18 -32
19 -32
17 -31
18 -31
-8 -3
32 12
33 12
31 13
32 13
32 10
33 10
31 11
32 11
34 14
35 14
33 15
34 15
34 12
35 12
33 13
34 13
8 -3
-32 12
-31 12
-33 13
-32 13
-32 10
-31 10
-33 11
-32 11
-30 14
-29 14
-31 15
-30 15
-30 12
-29 12
-31 13
-30 13
-3 -8
12 32
13 32
11 33
12 33
12 30
13 30
11 31
12 31
14 34
15 34
13 35
14 35
14 32
15 32
13 33
14 33
-3 8
12 -32
13 -32
11 -31
12 -31
12 -34
13 -34
11 -33
12 -33
14 -30
15 -30
13 -29
14 -29
14 -32
15 -32
13 -31
14 -31
-8 -2
32 8
33 8
31 9
32 9
32 6
33 6
31 7
32 7
34 10
35 10
33 11
34 11
34 8
35 8
33 9
34 9
8 -2
-32 8
-31 8
-33 9
-32 9
-32 6
-31 6
-33 7
-32 7
-30 10
-29 10
-31 11
-30 11
-30 8
-29 8
-31 9
-30 9
-2 -8
8 32
9 32
7 33
8 33
8 30
9 30
7 31
8 31
10 34
11 34
9 35
10 35
10 32
11 32
9 33
10 33
-2 8
8 -32
9 -32
7 -31
8 -31
8 -34
9 -34
7 -33
8 -33
10 -30
11 -30
9 -29
10 -29
10 -32
11 -32
9 -31
10 -31
-8 -1
32 4
33 4
31 5
32 5
32 2
33 2
31 3
32 3
34 6
35 6
33 7
34 7
34 4
35 4
33 5
34 5
8 -1
-32 4
-31 4
-33 5
-32 5
-32 2
-31 2
-33 3
-32 3
-30 6
-29 6
-31 7
-30 7
-30 4
-29 4
-31 5
-30 5
-1 -8
4 32
5 32
3 33
4 33
4 30
5 30
3 31
4 31
6 34
7 34
5 35
6 35
6 32
7 32
5 33
6 33
-1 8
4 -32
5 -32
3 -31
4 -31
4 -34
5 -34
3 -33
4 -33
6 -30
7 -30
5 -29
6 -29
6 -32
7 -32
5 -31
6 -31
-8 0
32 0
33 0
31 1
32 1
32 -2
33 -2
31 -1
32 -1
34 2
35 2
33 3
34 3
34 0
35 0
33 1
34 1
8 0
-32 0
-31 0
-33 1
-32 1
-32 -2
-31 -2
-33 -1
-32 -1
-30 2
-29 2
-31 3
-30 3
-30 0
-29 0
-31 1
-30 1
0 -8
0 32
1 32
-1 33
0 33
0 30
1 30
-1 31
0 31
2 34
3 34
1 35
2 35
2 32
3 32
1 33
2 33
0 8
0 -32
1 -32
-1 -31
0 -31
0 -34
1 -34
-1 -33
0 -33
2 -30
3 -30
1 -29
2 -29
2 -32
3 -32
1 -31
2 -31
-8 1
32 -4
33 -4
31 -3
32 -3
32 -6
33 -6
31 -5
32 -5
34 -2
35 -2
33 -1
34 -1
34 -4
35 -4
33 -3
34 -3
8 1
-32 -4
-31 -4
-33 -3
-32 -3
-32 -6
-31 -6
-33 -5
-32 -5
-30 -2
-29 -2
-31 -1
-30 -1
-30 -4
-29 -4
-31 -3
-30 -3
1 -8
-4 32
-3 32
-5 33
-4 33
-4 30
-3 30
-5 31
-4 31
-2 34
-1 34
-3 35
-2 35
-2 32
-1 32
-3 33
-2 33
1 8
-4 -32
-3 -32
-5 -31
-4 -31
-4 -34
-3 -34
-5 -33
-4 -33
-2 -30
-1 -30
-3 -29
-2 -29
-2 -32
-1 -32
-3 -31
-2 -31
-8 2
32 -8
33 -8
31 -7
32 -7
32 -10
33 -10
31 -9
32 -9
34 -6
35 -6
33 -5
34 -5
34 -8
35 -8
33 -7
34 -7
8 2
-32 -8
-31 -8
-33 -7
-32 -7
-32 -10
-31 -10
-33 -9
-32 -9
-30 -6
-29 -6
-31 -5
-30 -5
-30 -8
-29 -8
-31 -7
-30 -7
2 -8
-8 32
-7 32
-9 33
-8 33
-8 30
-7 30
-9 31
-8 31
-6 34
-5 34
-7 35
-6 35
-6 32
-5 32
-7 33
-6 33
2 8
-8 -32
-7 -32
-9 -31
-8 -31
-8 -34
-7 -34
-9 -33
-8 -33
-6 -30
-5 -30
-7 -29
-6 -29
-6 -32
-5 -32
-7 -31
-6 -31
-8 3
32 -12
33 -12
31 -11
32 -11
32 -14
33 -14
31 -13
32 -13
34 -10
35 -10
33 -9
34 -9
34 -12
35 -12
33 -11
34 -11
8 3
-32 -12
-31 -12
-33 -11
-32 -11
-32 -14
-31 -14
-33 -13
-32 -13
-30 -10
-29 -10
-31 -9
-30 -9
-30 -12
-29 -12
-31 -11
-30 -11
3 -8
-12 32
-11 32
-13 33
-12 33
-12 30
-11 30
-13 31
-12 31
-10 34
-9 34
-11 35
-10 35
-10 32
-9 32
-11 33
-10 33
3 8
-12 -32
-11 -32
-13 -31
-12 -31
-12 -34
-11 -34
-13 -33
-12 -33
-10 -30
-9 -30
-11 -29
-10 -29
-10 -32
-9 -32
-11 -31
-10 -31
-8 4
32 -16
33 -16
31 -15
32 -15
32 -18
33 -18
31 -17
32 -17
34 -14
35 -14
33 -13
34 -13
34 -16
35 -16
33 -15
34 -15
8 4
-32 -16
-31 -16
-33 -15
-32 -15
-32 -18
-31 -18
-33 -17
-32 -17
-30 -14
-29 -14
-31 -13
-30 -13
-30 -16
-29 -16
-31 -15
-30 -15
4 -8
-16 32
-15 32
-17 33
-16 33
-16 30
-15 30
-17 31
-16 31
-14 34
-13 34
-15 35
-14 35
-14 32
-13 32
-15 33
-14 33
4 8
-16 -32
-15 -32
-17 -31
-16 -31
-16 -34
-15 -34
-17 -33
-16 -33
-14 -30
-13 -30
-15 -29
-14 -29
-14 -32
-13 -32
-15 -31
-14 -31
-8 5
32 -20
33 -20
31 -19
32 -19
32 -22
33 -22
31 -21
32 -21
34 -18
35 -18
33 -17
34 -17
34 -20
35 -20
33 -19
34 -19
8 5
-32 -20
-31 -20
-33 -19
-32 -19
-32 -22
-31 -22
-33 -21
-32 -21
-30 -18
-29 -18
-31 -17
-30 -17
-30 -20
-29 -20
-31 -19
-30 -19
5 -8
-20 32
-19 32
-21 33
-20 33
-20 30
-19 30
-21 31
-20 31
-18 34
-17 34
-19 35
-18 35
-18 32
-17 32
-19 33
-18 33
5 8
-20 -32
-19 -32
-21 -31
-20 -31
-20 -34
-19 -34
-21 -33
-20 -33
-18 -30
-17 -30
-19 -29
-18 -29
-18 -32
-17 -32
-19 -31
-18 -31
-8 6
32 -24
33 -24
31 -23
32 -23
32 -26
33 -26
31 -25
32 -25
34 -22
35 -22
33 -21
34 -21
34 -24
35 -24
33 -23
34 -23
8 6
-32 -24
-31 -24
-33 -23
-32 -23
-32 -26
-31 -26
-33 -25
-32 -25
-30 -22
-29 -22
-31 -21
-30 -21
-30 -24
-29 -24
-31 -23
-30 -23
6 -8
-24 32
-23 32
-25 33
-24 33
-24 30
-23 30
-25 31
-24 31
-22 34
-21 34
-23 35
-22 35
-22 32
-21 32
-23 33
-22 33
6 8
-24 -32
-23 -32
-25 -31
-24 -31
-24 -34
-23 -34
-25 -33
-24 -33
-22 -30
-21 -30
-23 -29
-22 -29
-22 -32
-21 -32
-23 -31
-22 -31
-8 7
32 -28
33 -28
31 -27
32 -27
32 -30
33 -30
31 -29
32 -29
34 -26
35 -26
33 -25
34 -25
34 -28
35 -28
33 -27
34 -27
8 7
-32 -28
-31 -28
-33 -27
-32 -27
-32 -30
-31 -30
-33 -29
-32 -29
-30 -26
-29 -26
-31 -25
-30 -25
-30 -28
-29 -28
-31 -27
-30 -27
7 -8
-28 32
-27 32
-29 33
-28 33
-28 30
-27 30
-29 31
-28 31
-26 34
-25 34
-27 35
-26 35
-26 32
-25 32
-27 33
-26 33
7 8
-28 -32
-27 -32
-29 -31
-28 -31
-28 -34
-27 -34
-29 -33
-28 -33
-26 -30
-25 -30
-27 -29
-26 -29
-26 -32
-25 -32
-27 -31
-26 -31
-8 8
32 -32
33 -32
31 -31
32 -31
32 -34
33 -34
31 -33
32 -33
34 -30
35 -30
33 -29
34 -29
34 -32
35 -32
33 -31
34 -31
8 8
-32 -32
-31 -32
-33 -31
-32 -31
-32 -34
-31 -34
-33 -33
-32 -33
-30 -30
-29 -30
-31 -29
-30 -29
-30 -32
-29 -32
-31 -31
-30 -31
8 -8
-32 32
-31 32
-33 33
-32 33
-32 30
-31 30
-33 31
-32 31
-30 34
-29 34
-31 35
-30 35
-30 32
-29 32
-31 33
-30 33
8 8
-32 -32
-31 -32
-33 -31
-32 -31
-32 -34
-31 -34
-33 -33
-32 -33
-30 -30
-29 -30
-31 -29
-30 -29
-30 -32
-29 -32
-31 -31
-30 -31
-9 -9
36 36
37 36
35 37
36 37
36 34
37 34
35 35
36 35
38 38
39 38
37 39
38 39
38 36
39 36
37 37
38 37
9 -9
-36 36
-35 36
-37 37
-36 37
-36 34
-35 34
-37 35
-36 35
-34 38
-33 38
-35 39
-34 39
-34 36
-33 36
-35 37
-34 37
-9 -9
36 36
37 36
35 37
36 37
36 34
37 34
35 35
36 35
38 38
39 38
37 39
38 39
38 36
39 36
37 37
38 37
-9 9
36 -36
37 -36
35 -35
36 -35
36 -38
37 -38
35 -37
36 -37
38 -34
39 -34
37 -33
38 -33
38 -36
39 -36
37 -35
38 -35
-9 -8
36 32
37 32
35 33
36 33
36 30
37 30
35 31
36 31
38 34
39 34
37 35
38 35
38 32
39 32
37 33
38 33
9 -8
-36 32
-35 32
-37 33
-36 33
-36 30
-35 30
-37 31
-36 31
-34 34
-33 34
-35 35
-34 35
-34 32
-33 32
-35 33
-34 33
-8 -9
32 36
33 36
31 37
32 37
32 34
33 34
31 35
32 35
34 38
35 38
33 39
34 39
34 36
35 36
33 37
34 37
-8 9
32 -36
33 -36
31 -35
32 -35
32 -38
33 -38
31 -37
32 -37
34 -34
35 -34
33 -33
34 -33
34 -36
35 -36
33 -35
34 -35
-9 -7
36 28
37 28
35 29
36 29
36 26
37 26
35 27
36 27
38 30
39 30
37 31
38 31
38 28
39 28
37 29
38 29
9 -7
-36 28
-35 28
-37 29
-36 29
-36 26
-35 26
-37 27
-36 27
-34 30
-33 30
-35 31
-34 31
-34 28
-33 28
-35 29
-34 29
-7 -9
28 36
29 36
27 37
28 37
28 34
29 34
27 35
28 35
30 38
31 38
29 39
30 39
30 36
31 36
29 37
30 37
-7 9
28 -36
29 -36
27 -35
28 -35
28 -38
29 -38
27 -37
28 -37
30 -34
31 -34
29 -33
30 -33
30 -36
31 -36
29 -35
30 -35
-9 -6
36 24
37 24
35 25
36 25
36 22
37 22
35 23
36 23
38 26
39 26
37 27
38 27
38 24
39 24
37 25
38 25
9 -6
-36 24
-35 24
-37 25
-36 25
-36 22
-35 22
-37 23
-36 23
-34 26
-33 26
-35 27
-34 27
-34 24
-33 24
-35 25
-34 25
-6 -9
24 36
25 36
23 37
24 37
24 34
25 34
23 35
24 35
26 38
27 38
25 39
26 39
26 36
27 36
25 37
26 37
-6 9
24 -36
25 -36
23 -35
24 -35
24 -38
25 -38
23 -37
24 -37
26 -34
27 -34
25 -33
26 -33
26 -36
27 -36
25 -35
26 -35
-9 -5
36 20
37 20
35 21
36 21
36 18
37 18
35 19
36 19
38 22
39 22
37 23
38 23
38 20
39 20
37 21
38 21
9 -5
-36 20
-35 20
-37 21
-36 21
-36 18
-35 18
-37 19
-36 19
-34 22
-33 22
-35 23
-34 23
-34 20
-33 20
-35 21
-34 21
-5 -9
20 36
21 36
19 37
20 37
20 34
21 34
19 35
20 35
22 38
23 38
21 39
22 39
22 36
23 36
21 37
22 37
-5 9
20 -36
21 -36
19 -35
20 -35
20 -38
21 -38
19 -37
20 -37
22 -34
23 -34
21 -33
22 -33
22 -36
23 -36
21 -35
22 -35
-9 -4
36 16
37 16
35 17
36 17
36 14
37 14
35 15
36 15
38 18
39 18
37 19
38 19
38 16
39 16
37 17
38 17
9 -4
-36 16
-35 16
-37 17
-36 17
-36 14
-35 14
-37 15
-36 15
-34 18
-33 18
-35 19
-34 19
-34 16
-33 16
-35 17
-34 17
-4 -9
16 36
17 36
15 37
16 37
16 34
17 34
15 35
16 35
18 38
19 38
17 39
18 39
18 36
19 36
17 37
18 37
-4 9
16 -36
17 -36
15 -35
16 -35
16 -38
17 -38
15 -37
16 -37
18 -34
19 -34
17 -33
18 -33
18 -36
19 -36
17 -35
18 -35
-9 -3
36 12
37 12
35 13
36 13
36 10
37 10
35 11
36 11
38 14
39 14
37 15
38 15
38 12
39 12
37 13
38 13
9 -3
-36 12
-35 12
-37 13
-36 13
-36 10
-35 10
-37 11
-36 11
-34 14
-33 14
-35 15
-34 15
-34 12
-33 12
-35 13
-34 13
-3 -9
12 36
13 36
11 37
12 37
12 34
13 34
11 35
12 35
14 38
15 38
13 39
14 39
14 36
15 36
13 37
14 37
-3 9
12 -36
13 -36
11 -35
12 -35
12 -38
13 -38
11 -37
12 -37
14 -34
15 -34
13 -33
14 -33
14 -36
15 -36
13 -35
14 -35
-9 -2
36 8
37 8
35 9
36 9
36 6
37 6
35 7
36 7
38 10
39 10
37 11
38 11
38 8
39 8
37 9
38 9
9 -2
-36 8
-35 8
-37 9
-36 9
-36 6
-35 6
-37 7
-36 7
-34 10
-33 10
-35 11
-34 11
-34 8
-33 8
-35 9
-34 9
-2 -9
8 36
9 36
7 37
8 37
8 34
9 34
7 35
8 35
10 38
11 38
9 39
10 39
10 36
11 36
9 37
10 37
-2 9
8 -36
9 -36
7 -35
8 -35
8 -38
9 -38
7 -37
8 -37
10 -34
11 -34
9 -33
10 -33
10 -36
11 -36
9 -35
10 -35
-9 -1
36 4
37 4
35 5
36 5
36 2
37 2
35 3
36 3
38 6
39 6
37 7
38 7
38 4
39 4
37 5
38 5
9 -1
-36 4
-35 4
-37 5
-36 5
-36 2
-35 2
-37 3
-36 3
-34 6
-33 6
-35 7
-34 7
-34 4
-33 4
-35 5
-34 5
-1 -9
4 36
5 36
3 37
4 37
4 34
5 34
3 35
4 35
6 38
7 38
5 39
6 39
6 36
7 36
5 37
6 37
-1 9
4 -36
5 -36
3 -35
4 -35
4 -38
5 -38
3 -37
4 -37
6 -34
7 -34
5 -33
6 -33
6 -36
7 -36
5 -35
6 -35
-9 0
36 0
37 0
35 1
36 1
36 -2
37 -2
35 -1
36 -1
38 2
39 2
37 3
38 3
38 0
39 0
37 1
38 1
9 0
-36 0
-35 0
-37 1
-36 1
-36 -2
-35 -2
-37 -1
-36 -1
-34 2
-33 2
-35 3
-34 3
-34 0
-33 0
-35 1
-34 1
0 -9
0 36
1 36
-1 37
0 37
0 34
1 34
-1 35
0 35
2 38
3 38
1 39
2 39
2 36
3 36
1 37
2 37
0 9
0 -36
1 -36
-1 -35
0 -35
0 -38
1 -38
-1 -37
0 -37
2 -34
3 -34
1 -33
2 -33
2 -36
3 -36
1 -35
2 -35
-9 1
36 -4
37 -4
35 -3
36 -3
36 -6
37 -6
35 -5
36 -5
38 -2
39 -2
37 -1
38 -1
38 -4
39 -4
37 -3
38 -3
9 1
-36 -4
-35 -4
-37 -3
-36 -3
-36 -6
-35 -6
-37 -5
-36 -5
-34 -2
-33 -2
-35 -1
-34 -1
-34 -4
-33 -4
-35 -3
-34 -3
1 -9
-4 36
-3 36
-5 37
-4 37
-4 34
-3 34
-5 35
-4 35
-2 38
-1 38
-3 39
-2 39
-2 36
-1 36
-3 37
-2 37
1 9
-4 -36
-3 -36
-5 -35
-4 -35
-4 -38
-3 -38
-5 -37
-4 -37
-2 -34
-1 -34
-3 -33
-2 -33
-2 -36
-1 -36
-3 -35
-2 -35
-9 2
36 -8
37 -8
35 -7
36 -7
36 -10
37 -10
35 -9
36 -9
38 -6
39 -6
37 -5
38 -5
38 -8
39 -8
37 -7
38 -7
9 2
-36 -8
-35 -8
-37 -7
-36 -7
-36 -10
-35 -10
-37 -9
-36 -9
-34 -6
-33 -6
-35 -5
-34 -5
-34 -8
-33 -8
-35 -7
-34 -7
2 -9
-8 36
-7 36
-9 37
-8 37
-8 34
-7 34
-9 35
-8 35
-6 38
-5 38
-7 39
-6 39
-6 36
-5 36
-7 37
-6 37
2 9
-8 -36
-7 -36
-9 -35
-8 -35
-8 -38
-7 -38
-9 -37
-8 -37
-6 -34
-5 -34
-7 -33
-6 -33
-6 -36
-5 -36
-7 -35
-6 -35
-9 3
36 -12
37 -12
35 -11
36 -11
36 -14
37 -14
35 -13
36 -13
38 -10
39 -10
37 -9
38 -9
38 -12
39 -12
37 -11
38 -11
9 3
-36 -12
-35 -12
-37 -11
-36 -11
-36 -14
-35 -14
-37 -13
-36 -13
-34 -10
-33 -10
-35 -9
-34 -9
-34 -12
-33 -12
-35 -11
-34 -11
3 -9
-12 36
-11 36
-13 37
-12 37
-12 34
-11 34
-13 35
-12 35
-10 38
-9 38
-11 39
-10 39
-10 36
-9 36
-11 37
-10 37
3 9
-12 -36
-11 -36
-13 -35
-12 -35
-12 -38
-11 -38
-13 -37
-12 -37
-10 -34
-9 -34
-11 -33
-10 -33
-10 -36
-9 -36
-11 -35
-10 -35
-9 4
36 -16
37 -16
35 -15
36 -15
36 -18
37 -18
35 -17
36 -17
38 -14
39 -14
37 -13
38 -13
38 -16
39 -16
37 -15
38 -15
9 4
-36 -16
-35 -16
-37 -15
-36 -15
-36 -18
-35 -18
-37 -17
-36 -17
-34 -14
-33 -14
-35 -13
-34 -13
-34 -16
-33 -16
-35 -15
-34 -15
4 -9
-16 36
-15 36
-17 37
-16 37
-16 34
-15 34
-17 35
-16 35
-14 38
-13 38
-15 39
-14 39
-14 36
-13 36
-15 37
-14 37
4 9
-16 -36
-15 -36
-17 -35
-16 -35
-16 -38
-15 -38
-17 -37
-16 -37
-14 -34
-13 -34
-15 -33
-14 -33
-14 -36
-13 -36
-15 -35
-14 -35
-9 5
36 -20
37 -20
35 -19
36 -19
36 -22
37 -22
35 -21
36 -21
38 -18
39 -18
37 -17
38 -17
38 -20
39 -20
37 -19
38 -19
9 5
-36 -20
-35 -20
-37 -19
-36 -19
-36 -22
-35 -22
-37 -21
-36 -21
-34 -18
-33 -18
-35 -17
-34 -17
-34 -20
-33 -20
-35 -19
-34 -19
5 -9
-20 36
-19 36
-21 37
-20 37
-20 34
-19 34
-21 35
-20 35
-18 38
-17 38
-19 39
-18 39
-18 36
-17 36
-19 37
-18 37
5 9
-20 -36
-19 -36
-21 -35
-20 -35
-20 -38
-19 -38
-21 -37
-20 -37
-18 -34
-17 -34
-19 -33
-18 -33
-18 -36
-17 -36
-19 -35
-18 -35
-9 6
36 -24
37 -24
35 -23
36 -23
36 -26
37 -26
35 -25
36 -25
38 -22
39 -22
37 -21
38 -21
38 -24
39 -24
37 -23
38 -23
9 6
-36 -24
-35 -24
-37 -23
-36 -23
-36 -26
-35 -26
-37 -25
-36 -25
-34 -22
-33 -22
-35 -21
-34 -21
-34 -24
-33 -24
-35 -23
-34 -23
6 -9
-24 36
-23 36
-25 37
-24 37
-24 34
-23 34
-25 35
-24 35
-22 38
-21 38
-23 39
-22 39
-22 36
-21 36
-23 37
-22 37
6 9
-24 -36
-23 -36
-25 -35
-24 -35
-24 -38
-23 -38
-25 -37
-24 -37
-22 -34
-21 -34
-23 -33
-22 -33
-22 -36
-21 -36
-23 -35
-22 -35
-9 7
36 -28
37 -28
35 -27
36 -27
36 -30
37 -30
35 -29
36 -29
38 -26
39 -26
37 -25
38 -25
38 -28
39 -28
37 -27
38 -27
9 7
-36 -28
-35 -28
-37 -27
-36 -27
-36 -30
-35 -30
-37 -29
-36 -29
-34 -26
-33 -26
-35 -25
-34 -25
-34 -28
-33 -28
-35 -27
-34 -27
7 -9
-28 36
-27 36
-29 37
-28 37
-28 34
-27 34
-29 35
-28 35
-26 38
-25 38
-27 39
-26 39
-26 36
-25 36
-27 37
-26 37
7 9
-28 -36
-27 -36
-29 -35
-28 -35
-28 -38
-27 -38
-29 -37
-28 -37
-26 -34
-25 -34
-27 -33
-26 -33
-26 -36
-25 -36
-27 -35
-26 -35
-9 8
36 -32
37 -32
35 -31
36 -31
36 -34
37 -34
35 -33
36 -33
38 -30
39 -30
37 -29
38 -29
38 -32
39 -32
37 -31
38 -31
9 8
-36 -32
-35 -32
-37 -31
-36 -31
-36 -34
-35 -34
-37 -33
-36 -33
-34 -30
-33 -30
-35 -29
-34 -29
-34 -32
-33 -32
-35 -31
-34 -31
8 -9
-32 36
-31 36
-33 37
-32 37
-32 34
-31 34
-33 35
-32 35
-30 38
-29 38
-31 39
-30 39
-30 36
-29 36
-31 37
-30 37
8 9
-32 -36
-31 -36
-33 -35
-32 -35
-32 -38
-31 -38
-33 -37
-32 -37
-30 -34
-29 -34
-31 -33
-30 -33
-30 -36
-29 -36
-31 -35
-30 -35
-9 9
36 -36
37 -36
35 -35
36 -35
36 -38
37 -38
35 -37
36 -37
38 -34
39 -34
37 -33
38 -33
38 -36
39 -36
37 -35
38 -35
9 9
-36 -36
-35 -36
-37 -35
-36 -35
-36 -38
-35 -38
-37 -37
-36 -37
-34 -34
-33 -34
-35 -33
-34 -33
-34 -36
-33 -36
-35 -35
-34 -35
9 -9
-36 36
-35 36
-37 37
-36 37
-36 34
-35 34
-37 35
-36 35
-34 38
-33 38
-35 39
-34 39
-34 36
-33 36
-35 37
-34 37
9 9
-36 -36
-35 -36
-37 -35
-36 -35
-36 -38
-35 -38
-37 -37
-36 -37
-34 -34
-33 -34
-35 -33
-34 -33
-34 -36
-33 -36
-35 -35
-34 -35
-10 -10
40 40
41 40
39 41
40 41
40 38
41 38
39 39
40 39
42 42
43 42
41 43
42 43
42 40
43 40
41 41
42 41
10 -10
-40 40
-39 40
-41 41
-40 41
-40 38
-39 38
-41 39
-40 39
-38 42
-37 42
-39 43
-38 43
-38 40
-37 40
-39 41
-38 41
-10 -10
40 40
41 40
39 41
40 41
40 38
41 38
39 39
40 39
42 42
43 42
41 43
42 43
42 40
43 40
41 41
42 41
-10 10
40 -40
41 -40
39 -39
40 -39
40 -42
41 -42
39 -41
40 -41
42 -38
43 -38
41 -37
42 -37
42 -40
43 -40
41 -39
42 -39
-10 -9
40 36
41 36
39 37
40 37
40 34
41 34
39 35
40 35
42 38
43 38
41 39
42 39
42 36
43 36
41 37
42 37
10 -9
-40 36
-39 36
-41 37
-40 37
-40 34
-39 34
-41 35
-40 35
-38 38
-37 38
-39 39
-38 39
-38 36
-37 36
-39 37
-38 37
-9 -10
36 40
37 40
35 41
36 41
36 38
37 38
35 39
36 39
38 42
39 42
37 43
38 43
38 40
39 40
37 41
38 41
-9 10
36 -40
37 -40
35 -39
36 -39
36 -42
37 -42
35 -41
36 -41
38 -38
39 -38
37 -37
38 -37
38 -40
39 -40
37 -39
38 -39
-10 -8
40 32
41 32
39 33
40 33
40 30
41 30
39 31
40 31
42 34
43 34
41 35
42 35
42 32
43 32
41 33
42 33
10 -8
-40 32
-39 32
-41 33
-40 33
-40 30
-39 30
-41 31
-40 31
-38 34
-37 34
-39 35
-38 35
-38 32
-37 32
-39 33
-38 33
-8 -10
32 40
33 40
31 41
32 41
32 38
33 38
31 39
32 39
34 42
35 42
33 43
34 43
34 40
35 40
33 41
34 41
-8 10
32 -40
33 -40
31 -39
32 -39
32 -42
33 -42
31 -41
32 -41
34 -38
35 -38
33 -37
34 -37
34 -40
35 -40
33 -39
34 -39
-10 -7
40 28
41 28
39 29
40 29
40 26
41 26
39 27
40 27
42 30
43 30
41 31
42 31
42 28
43 28
41 29
42 29
10 -7
-40 28
-39 28
-41 29
-40 29
-40 26
-39 26
-41 27
-40 27
-38 30
-37 30
-39 31
-38 31
-38 28
-37 28
-39 29
-38 29
-7 -10
28 40
29 40
27 41
28 41
28 38
29 38
27 39
28 39
30 42
31 42
29 43
30 43
30 40
31 40
29 41
30 41
-7 10
28 -40
29 -40
27 -39
28 -39
28 -42
29 -42
27 -41
28 -41
30 -38
31 -38
29 -37
30 -37
30 -40
31 -40
29 -39
30 -39
-10 -6
40 24
41 24
39 25
40 25
40 22
41 22
39 23
40 23
42 26
43 26
41 27
42 27
42 24
43 24
41 25
42 25
10 -6
-40 24
-39 24
-41 25
-40 25
-40 22
-39 22
-41 23
-40 23
-38 26
-37 26
-39 27
-38 27
-38 24
-37 24
-39 25
-38 25
-6 -10
24 40
25 40
23 41
24 41
24 38
25 38
23 39
24 39
26 42
27 42
25 43
26 43
26 40
27 40
25 41
26 41
-6 10
24 -40
25 -40
23 -39
24 -39
24 -42
25 -42
23 -41
24 -41
26 -38
27 -38
25 -37
26 -37
26 -40
27 -40
25 -39
26 -39
-10 -5
40 20
41 20
39 21
40 21
40 18
41 18
39 19
40 19
42 22
43 22
41 23
42 23
42 20
43 20
41 21
42 21
10 -5
-40 20
-39 20
-41 21
-40 21
-40 18
-39 18
-41 19
-40 19
-38 22
-37 22
-39 23
-38 23
-38 20
-37 20
-39 21
-38 21
-5 -10
20 40
21 40
19 41
20 41
20 38
21 38
19 39
20 39
22 42
23 42
21 43
22 43
22 40
23 40
21 41
22 41
-5 10
20 -40
21 -40
19 -39
20 -39
20 -42
21 -42
19 -41
20 -41
22 -38
23 -38
21 -37
22 -37
22 -40
23 -40
21 -39
22 -39
-10 -4
40 16
41 16
39 17
40 17
40 14
41 14
39 15
40 15
42 18
43 18
41 19
42 19
42 16
43 16
41 17
42 17
10 -4
-40 16
-39 16
-41 17
-40 17
-40 14
-39 14
-41 15
-40 15
-38 18
-37 18
-39 19
-38 19
-38 16
-37 16
-39 17
-38 17
-4 -10
16 40
17 40
15 41
16 41
16 38
17 38
15 39
16 39
18 42
19 42
17 43
18 43
18 40
19 40
17 41
18 41
-4 10
16 -40
17 -40
15 -39
16 -39
16 -42
17 -42
15 -41
16 -41
18 -38
19 -38
17 -37
18 -37
18 -40
19 -40
17 -39
18 -39
-10 -3
40 12
41 12
39 13
40 13
40 10
41 10
39 11
40 11
42 14
43 14
41 15
42 15
42 12
43 12
41 13
42 13
10 -3
-40 12
-39 12
-41 13
-40 13
-40 10
-39 10
-41 11
-40 11
-38 14
-37 14
-39 15
-38 15
-38 12
-37 12
-39 13
-38 13
-3 -10
12 40
13 40
11 41
12 41
12 38
13 38
11 39
12 39
14 42
15 42
13 43
14 43
14 40
15 40
13 41
14 41
-3 10
12 -40
13 -40
11 -39
12 -39
12 -42
13 -42
11 -41
12 -41
14 -38
15 -38
13 -37
14 -37
14 -40
15 -40
13 -39
14 -39
-10 -2
40 8
41 8
39 9
40 9
40 6
41 6
39 7
40 7
42 10
43 10
41 11
42 11
42 8
43 8
41 9
42 9
10 -2
-40 8
-39 8
-41 9
-40 9
-40 6
-39 6
-41 7
-40 7
-38 10
-37 10
-39 11
-38 11
-38 8
-37 8
-39 9
-38 9
-2 -10
8 40
9 40
7 41
8 41
8 38
9 38
7 39
8 39
10 42
11 42
9 43
10 43
10 40
11 40
9 41
10 41
-2 10
8 -40
9 -40
7 -39
8 -39
8 -42
9 -42
7 -41
8 -41
10 -38
11 -38
9 -37
10 -37
10 -40
11 -40
9 -39
10 -39
-10 -1
40 4
41 4
39 5
40 5
40 2
41 2
39 3
40 3
42 6
43 6
41 7
42 7
42 4
43 4
41 5
42 5
10 -1
-40 4
-39 4
-41 5
-40 5
-40 2
-39 2
-41 3
-40 3
-38 6
-37 6
-39 7
-38 7
-38 4
-37 4
-39 5
-38 5
-1 -10
4 40
5 40
3 41
4 41
4 38
5 38
3 39
4 39
6 42
7 42
5 43
6 43
6 40
7 40
5 41
6 41
-1 10
4 -40
5 -40
3 -39
4 -39
4 -42
5 -42
3 -41
4 -41
6 -38
7 -38
5 -37
6 -37
6 -40
7 -40
5 -39
6 -39
-10 0
40 0
41 0
39 1
40 1
40 -2
41 -2
39 -1
40 -1
42 2
43 2
41 3
42 3
42 0
43 0
41 1
42 1
10 0
-40 0
-39 0
-41 1
-40 1
-40 -2
-39 -2
-41 -1
-40 -1
-38 2
-37 2
-39 3
-38 3
-38 0
-37 0
-39 1
-38 1
0 -10
0 40
1 40
-1 41
0 41
0 38
1 38
-1 39
0 39
2 42
3 42
1 43
2 43
2 40
3 40
1 41
2 41
0 10
0 -40
1 -40
-1 -39
0 -39
0 -42
1 -42
-1 -41
0 -41
2 -38
3 -38
1 -37
2 -37
2 -40
3 -40
1 -39
2 -39
-10 1
40 -4
41 -4
39 -3
40 -3
40 -6
41 -6
39 -5
40 -5
42 -2
43 -2
41 -1
42 -1
42 -4
43 -4
41 -3
42 -3
10 1
-40 -4
-39 -4
-41 -3
-40 -3
-40 -6
-39 -6
-41 -5
-40 -5
-38 -2
-37 -2
-39 -1
-38 -1
-38 -4
-37 -4
-39 -3
-38 -3
1 -10
-4 40
-3 40
-5 41
-4 41
-4 38
-3 38
-5 39
-4 39
-2 42
-1 42
-3 43
-2 43
-2 40
-1 40
-3 41
-2 41
1 10
-4 -40
-3 -40
-5 -39
-4 -39
-4 -42
-3 -42
-5 -41
-4 -41
-2 -38
-1 -38
-3 -37
-2 -37
-2 -40
-1 -40
-3 -39
-2 -39
-10 2
40 -8
41 -8
39 -7
40 -7
40 -10
41 -10
39 -9
40 -9
42 -6
43 -6
41 -5
42 -5
42 -8
43 -8
41 -7
42 -7
10 2
-40 -8
-39 -8
-41 -7
-40 -7
-40 -10
-39 -10
-41 -9
-40 -9
-38 -6
-37 -6
-39 -5
-38 -5
-38 -8
-37 -8
-39 -7
-38 -7
2 -10
-8 40
-7 40
-9 41
-8 41
-8 38
-7 38
-9 39
-8 39
-6 42
-5 42
-7 43
-6 43
-6 40
-5 40
-7 41
-6 41
2 10
-8 -40
-7 -40
-9 -39
-8 -39
-8 -42
-7 -42
-9 -41
-8 -41
-6 -38
-5 -38
-7 -37
-6 -37
-6 -40
-5 -40
-7 -39
-6 -39
-10 3
40 -12
41 -12
39 -11
40 -11
40 -14
41 -14
39 -13
40 -13
42 -10
43 -10
41 -9
42 -9
42 -12
43 -12
41 -11
42 -11
10 3
-40 -12
-39 -12
-41 -11
-40 -11
-40 -14
-39 -14
-41 -13
-40 -13
-38 -10
-37 -10
-39 -9
-38 -9
-38 -12
-37 -12
-39 -11
-38 -11
3 -10
-12 40
-11 40
-13 41
-12 41
-12 38
-11 38
-13 39
-12 39
-10 42
-9 42
-11 43
-10 43
-10 40
-9 40
-11 41
-10 41
3 10
-12 -40
-11 -40
-13 -39
-12 -39
-12 -42
-11 -42
-13 -41
-12 -41
-10 -38
-9 -38
-11 -37
-10 -37
-10 -40
-9 -40
-11 -39
-10 -39
-10 4
40 -16
41 -16
39 -15
40 -15
40 -18
41 -18
39 -17
40 -17
42 -14
43 -14
41 -13
42 -13
42 -16
43 -16
41 -15
42 -15
10 4
-40 -16
-39 -16
-41 -15
-40 -15
-40 -18
-39 -18
-41 -17
-40 -17
-38 -14
-37 -14
-39 -13
-38 -13
-38 -16
-37 -16
-39 -15
-38 -15
4 -10
-16 40
-15 40
-17 41
-16 41
-16 38
-15 38
-17 39
-16 39
-14 42
-13 42
-15 43
-14 43
-14 40
-13 40
-15 41
-14 41
4 10
-16 -40
-15 -40
-17 -39
-16 -39
-16 -42
-15 -42
-17 -41
-16 -41
-14 -38
-13 -38
-15 -37
-14 -37
-14 -40
-13 -40
-15 -39
-14 -39
-10 5
40 -20
41 -20
39 -19
40 -19
40 -22
41 -22
39 -21
40 -21
42 -18
43 -18
41 -17
42 -17
42 -20
43 -20
41 -19
42 -19
10 5
-40 -20
-39 -20
-41 -19
-40 -19
-40 -22
-39 -22
-41 -21
-40 -21
-38 -18
-37 -18
-39 -17
-38 -17
-38 -20
-37 -20
-39 -19
-38 -19
5 -10
-20 40
-19 40
-21 41
-20 41
-20 38
-19 38
-21 39
-20 39
-18 42
-17 42
-19 43
-18 43
-18 40
-17 40
-19 41
-18 41
5 10
-20 -40
-19 -40
-21 -39
-20 -39
-20 -42
-19 -42
-21 -41
-20 -41
-18 -38
-17 -38
-19 -37
-18 -37
-18 -40
-17 -40
-19 -39
-18 -39
-10 6
40 -24
41 -24
39 -23
40 -23
40 -26
41 -26
39 -25
40 -25
42 -22
43 -22
41 -21
42 -21
42 -24
43 -24
41 -23
42 -23
10 6
-40 -24
-39 -24
-41 -23
-40 -23
-40 -26
-39 -26
-41 -25
-40 -25
-38 -22
-37 -22
-39 -21
-38 -21
-38 -24
-37 -24
-39 -23
-38 -23
6 -10
-24 40
-23 40
-25 41
-24 41
-24 38
-23 38
-25 39
-24 39
-22 42
-21 42
-23 43
-22 43
-22 40
-21 40
-23 41
-22 41
6 10
-24 -40
-23 -40
-25 -39
-24 -39
-24 -42
-23 -42
-25 -41
-24 -41
-22 -38
-21 -38
-23 -37
-22 -37
-22 -40
-21 -40
-23 -39
-22 -39
-10 7
40 -28
41 -28
39 -27
40 -27
40 -30
41 -30
39 -29
40 -29
42 -26
43 -26
41 -25
42 -25
42 -28
43 -28
41 -27
42 -27
10 7
-40 -28
-39 -28
-41 -27
-40 -27
-40 -30
-39 -30
-41 -29
-40 -29
-38 -26
-37 -26
-39 -25
-38 -25
-38 -28
-37 -28
-39 -27
-38 -27
7 -10
-28 40
-27 40
-29 41
-28 41
-28 38
-27 38
-29 39
-28 39
-26 42
-25 42
-27 43
-26 43
-26 40
-25 40
-27 41
-26 41
7 10
-28 -40
-27 -40
-29 -39
-28 -39
-28 -42
-27 -42
-29 -41
-28 -41
-26 -38
-25 -38
-27 -37
-26 -37
-26 -40
-25 -40
-27 -39
-26 -39
-10 8
40 -32
41 -32
39 -31
40 -31
40 -34
41 -34
39 -33
40 -33
42 -30
43 -30
41 -29
42 -29
42 -32
43 -32
41 -31
42 -31
10 8
-40 -32
-39 -32
-41 -31
-40 -31
-40 -34
-39 -34
-41 -33
-40 -33
-38 -30
-37 -30
-39 -29
-38 -29
-38 -32
-37 -32
-39 -31
-38 -31
8 -10
-32 40
-31 40
-33 41
-32 41
-32 38
-31 38
-33 39
-32 39
-30 42
-29 42
-31 43
-30 43
-30 40
-29 40
-31 41
-30 41
8 10
-32 -40
-31 -40
-33 -39
-32 -39
-32 -42
-31 -42
-33 -41
-32 -41
-30 -38
-29 -38
-31 -37
-30 -37
-30 -40
-29 -40
-31 -39
-30 -39
-10 9
40 -36
41 -36
39 -35
40 -35
40 -38
41 -38
39 -37
40 -37
42 -34
43 -34
41 -33
42 -33
42 -36
43 -36
41 -35
42 -35
10 9
-40 -36
-39 -36
-41 -35
-40 -35
-40 -38
-39 -38
-41 -37
-40 -37
-38 -34
-37 -34
-39 -33
-38 -33
-38 -36
-37 -36
-39 -35
-38 -35
9 -10
-36 40
-35 40
-37 41
-36 41
-36 38
-35 38
-37 39
-36 39
-34 42
-33 42
-35 43
-34 43
-34 40
-33 40
-35 41
-34 41
9 10
-36 -40
-35 -40
-37 -39
-36 -39
-36 -42
-35 -42
-37 -41
-36 -41
-34 -38
-33 -38
-35 -37
-34 -37
-34 -40
-33 -40
-35 -39
-34 -39
-10 10
40 -40
41 -40
39 -39
40 -39
40 -42
41 -42
39 -41
40 -41
42 -38
43 -38
41 -37
42 -37
42 -40
43 -40
41 -39
42 -39
10 10
-40 -40
-39 -40
-41 -39
-40 -39
-40 -42
-39 -42
-41 -41
-40 -41
-38 -38
-37 -38
-39 -37
-38 -37
-38 -40
-37 -40
-39 -39
-38 -39
10 -10
-40 40
-39 40
-41 41
-40 41
-40 38
-39 38
-41 39
-40 39
-38 42
-37 42
-39 43
-38 43
-38 40
-37 40
-39 41
-38 41
10 10
-40 -40
-39 -40
-41 -39
-40 -39
-40 -42
-39 -42
-41 -41
-40 -41
-38 -38
-37 -38
-39 -37
-38 -37
-38 -40
-37 -40
-39 -39
-38 -39
-11 -11
44 44
45 44
43 45
44 45
44 42
45 42
43 43
44 43
46 46
47 46
45 47
46 47
46 44
47 44
45 45
46 45
11 -11
-44 44
-43 44
-45 45
-44 45
-44 42
-43 42
-45 43
-44 43
-42 46
-41 46
-43 47
-42 47
-42 44
-41 44
-43 45
-42 45
-11 -11
44 44
45 44
43 45
44 45
44 42
45 42
43 43
44 43
46 46
47 46
45 47
46 47
46 44
47 44
45 45
46 45
-11 11
44 -44
45 -44
43 -43
44 -43
44 -46
45 -46
43 -45
44 -45
46 -42
47 -42
45 -41
46 -41
46 -44
47 -44
45 -43
46 -43
-11 -10
44 40
45 40
43 41
44 41
44 38
45 38
43 39
44 39
46 42
47 42
45 43
46 43
46 40
47 40
45 41
46 41
11 -10
-44 40
-43 40
-45 41
-44 41
-44 38
-43 38
-45 39
-44 39
-42 42
-41 42
-43 43
-42 43
-42 40
-41 40
-43 41
-42 41
-10 -11
40 44
41 44
39 45
40 45
40 42
41 42
39 43
40 43
42 46
43 46
41 47
42 47
42 44
43 44
41 45
42 45
-10 11
40 -44
41 -44
39 -43
40 -43
40 -46
41 -46
39 -45
40 -45
42 -42
43 -42
41 -41
42 -41
42 -44
43 -44
41 -43
42 -43
-11 -9
44 36
45 36
43 37
44 37
44 34
45 34
43 35
44 35
46 38
47 38
45 39
46 39
46 36
47 36
45 37
46 37
11 -9
-44 36
-43 36
-45 37
-44 37
-44 34
-43 34
-45 35
-44 35
-42 38
-41 38
-43 39
-42 39
-42 36
-41 36
-43 37
-42 37
-9 -11
36 44
37 44
35 45
36 45
36 42
37 42
35 43
36 43
38 46
39 46
37 47
38 47
38 44
39 44
37 45
38 45
-9 11
36 -44
37 -44
35 -43
36 -43
36 -46
37 -46
35 -45
36 -45
38 -42
39 -42
37 -41
38 -41
38 -44
39 -44
37 -43
38 -43
-11 -8
44 32
45 32
43 33
44 33
44 30
45 30
43 31
44 31
46 34
47 34
45 35
46 35
46 32
47 32
45 33
46 33
11 -8
-44 32
-43 32
-45 33
-44 33
-44 30
-43 30
-45 31
-44 31
-42 34
-41 34
-43 35
-42 35
-42 32
-41 32
-43 33
-42 33
-8 -11
32 44
33 44
31 45
32 45
32 42
33 42
31 43
32 43
34 46
35 46
33 47
34 47
34 44
35 44
33 45
34 45
-8 11
32 -44
33 -44
31 -43
32 -43
32 -46
33 -46
31 -45
32 -45
34 -42
35 -42
33 -41
34 -41
34 -44
35 -44
33 -43
34 -43
-11 -7
44 28
45 28
43 29
44 29
44 26
45 26
43 27
44 27
46 30
47 30
45 31
46 31
46 28
47 28
45 29
46 29
11 -7
-44 28
-43 28
-45 29
-44 29
-44 26
-43 26
-45 27
-44 27
-42 30
-41 30
-43 31
-42 31
-42 28
-41 28
-43 29
-42 29
-7 -11
28 44
29 44
27 45
28 45
28 42
29 42
27 43
28 43
30 46
31 46
29 47
30 47
30 44
31 44
29 45
30 45
-7 11
28 -44
29 -44
27 -43
28 -43
28 -46
29 -46
27 -45
28 -45
30 -42
31 -42
29 -41
30 -41
30 -44
31 -44
29 -43
30 -43
-11 -6
44 24
45 24
43 25
44 25
44 22
45 22
43 23
44 23
46 26
47 26
45 27
46 27
46 24
47 24
45 25
46 25
11 -6
-44 24
-43 24
-45 25
-44 25
-44 22
-43 22
-45 23
-44 23
-42 26
-41 26
-43 27
-42 27
-42 24
-41 24
-43 25
-42 25
-6 -11
24 44
25 44
23 45
24 45
24 42
25 42
23 43
24 43
26 46
27 46
25 47
26 47
26 44
27 44
25 45
26 45
-6 11
24 -44
25 -44
23 -43
24 -43
24 -46
25 -46
23 -45
24 -45
26 -42
27 -42
25 -41
26 -41
26 -44
27 -44
25 -43
26 -43
-11 -5
44 20
45 20
43 21
44 21
44 18
45 18
43 19
44 19
46 22
47 22
45 23
46 23
46 20
47 20
45 21
46 21
11 -5
-44 20
-43 20
-45 21
-44 21
-44 18
-43 18
-45 19
-44 19
-42 22
-41 22
-43 23
-42 23
-42 20
-41 20
-43 21
-42 21
-5 -11
20 44
21 44
19 45
20 45
20 42
21 42
19 43
20 43
22 46
23 46
21 47
22 47
22 44
23 44
21 45
22 45
-5 11
20 -44
21 -44
19 -43
20 -43
20 -46
21 -46
19 -45
20 -45
22 -42
23 -42
21 -41
22 -41
22 -44
23 -44
21 -43
22 -43
-11 -4
44 16
45 16
43 17
44 17
44 14
45 14
43 15
44 15
46 18
47 18
45 19
46 19
46 16
47 16
45 17
46 17
11 -4
-44 16
-43 16
-45 17
-44 17
-44 14
-43 14
-45 15
-44 15
-42 18
-41 18
-43 19
-42 19
-42 16
-41 16
-43 17
-42 17
-4 -11
16 44
17 44
15 45
16 45
16 42
17 42
15 43
16 43
18 46
19 46
17 47
18 47
18 44
19 44
17 45
18 45
-4 11
16 -44
17 -44
15 -43
16 -43
16 -46
17 -46
15 -45
16 -45
18 -42
19 -42
17 -41
18 -41
18 -44
19 -44
17 -43
18 -43
-11 -3
44 12
45 12
43 13
44 13
44 10
45 10
43 11
44 11
46 14
47 14
45 15
46 15
46 12
47 12
45 13
46 13
11 -3
-44 12
-43 12
-45 13
-44 13
-44 10
-43 10
-45 11
-44 11
-42 14
-41 14
-43 15
-42 15
-42 12
-41 12
-43 13
-42 13
-3 -11
12 44
13 44
11 45
12 45
12 42
13 42
11 43
12 43
14 46
15 46
13 47
14 47
14 44
15 44
13 45
14 45
-3 11
12 -44
13 -44
11 -43
12 -43
12 -46
13 -46
11 -45
12 -45
14 -42
15 -42
13 -41
14 -41
14 -44
15 -44
13 -43
14 -43
-11 -2
44 8
45 8
43 9
44 9
44 6
45 6
43 7
44 7
46 10
47 10
45 11
46 11
46 8
47 8
45 9
46 9
11 -2
-44 8
-43 8
-45 9
-44 9
-44 6
-43 6
-45 7
-44 7
-42 10
-41 10
-43 11
-42 11
-42 8
-41 8
-43 9
-42 9
-2 -11
8 44
9 44
7 45
8 45
8 42
9 42
7 43
8 43
10 46
11 46
9 47
10 47
10 44
11 44
9 45
10 45
-2 11
8 -44
9 -44
7 -43
8 -43
8 -46
9 -46
7 -45
8 -45
10 -42
11 -42
9 -41
10 -41
10 -44
11 -44
9 -43
10 -43
-11 -1
44 4
45 4
43 5
44 5
44 2
45 2
43 3
44 3
46 6
47 6
45 7
46 7
46 4
47 4
45 5
46 5
11 -1
-44 4
-43 4
-45 5
-44 5
-44 2
-43 2
-45 3
-44 3
-42 6
-41 6
-43 7
-42 7
-42 4
-41 4
-43 5
-42 5
-1 -11
4 44
5 44
3 45
4 45
4 42
5 42
3 43
4 43
6 46
7 46
5 47
6 47
6 44
7 44
5 45
6 45
-1 11
4 -44
5 -44
3 -43
4 -43
4 -46
5 -46
3 -45
4 -45
6 -42
7 -42
5 -41
6 -41
6 -44
7 -44
5 -43
6 -43
-11 0
44 0
45 0
43 1
44 1
44 -2
45 -2
43 -1
44 -1
46 2
47 2
45 3
46 3
46 0
47 0
45 1
46 1
11 0
-44 0
-43 0
-45 1
-44 1
-44 -2
-43 -2
-45 -1
-44 -1
-42 2
-41 2
-43 3
-42 3
-42 0
-41 0
-43 1
-42 1
0 -11
0 44
1 44
-1 45
0 45
0 42
1 42
-1 43
0 43
2 46
3 46
1 47
2 47
2 44
3 44
1 45
2 45
0 11
0 -44
1 -44
-1 -43
0 -43
0 -46
1 -46
-1 -45
0 -45
2 -42
3 -42
1 -41
2 -41
2 -44
3 -44
1 -43
2 -43
-11 1
44 -4
45 -4
43 -3
44 -3
44 -6
45 -6
43 -5
44 -5
46 -2
47 -2
45 -1
46 -1
46 -4
47 -4
45 -3
46 -3
11 1
-44 -4
-43 -4
-45 -3
-44 -3
-44 -6
-43 -6
-45 -5
-44 -5
-42 -2
-41 -2
-43 -1
-42 -1
-42 -4
-41 -4
-43 -3
-42 -3
1 -11
-4 44
-3 44
-5 45
-4 45
-4 42
-3 42
-5 43
-4 43
-2 46
-1 46
-3 47
-2 47
-2 44
-1 44
-3 45
-2 45
1 11
-4 -44
-3 -44
-5 -43
-4 -43
-4 -46
-3 -46
-5 -45
-4 -45
-2 -42
-1 -42
-3 -41
-2 -41
-2 -44
-1 -44
-3 -43
-2 -43
-11 2
44 -8
45 -8
43 -7
44 -7
44 -10
45 -10
43 -9
44 -9
46 -6
47 -6
45 -5
46 -5
46 -8
47 -8
45 -7
46 -7
11 2
-44 -8
-43 -8
-45 -7
-44 -7
-44 -10
-43 -10
-45 -9
-44 -9
-42 -6
-41 -6
-43 -5
-42 -5
-42 -8
-41 -8
-43 -7
-42 -7
2 -11
-8 44
-7 44
-9 45
-8 45
-8 42
-7 42
-9 43
-8 43
-6 46
-5 46
-7 47
-6 47
-6 44
-5 44
-7 45
-6 45
2 11
-8 -44
-7 -44
-9 -43
-8 -43
-8 -46
-7 -46
-9 -45
-8 -45
-6 -42
-5 -42
-7 -41
-6 -41
-6 -44
-5 -44
-7 -43
-6 -43
-11 3
44 -12
45 -12
43 -11
44 -11
44 -14
45 -14
43 -13
44 -13
46 -10
47 -10
45 -9
46 -9
46 -12
47 -12
45 -11
46 -11
11 3
-44 -12
-43 -12
-45 -11
-44 -11
-44 -14
-43 -14
-45 -13
-44 -13
-42 -10
-41 -10
-43 -9
-42 -9
-42 -12
-41 -12
-43 -11
-42 -11
3 -11
-12 44
-11 44
-13 45
-12 45
-12 42
-11 42
-13 43
-12 43
-10 46
-9 46
-11 47
-10 47
-10 44
-9 44
-11 45
-10 45
3 11
-12 -44
-11 -44
-13 -43
-12 -43
-12 -46
-11 -46
-13 -45
-12 -45
-10 -42
-9 -42
-11 -41
-10 -41
-10 -44
-9 -44
-11 -43
-10 -43
-11 4
44 -16
45 -16
43 -15
44 -15
44 -18
45 -18
43 -17
44 -17
46 -14
47 -14
45 -13
46 -13
46 -16
47 -16
45 -15
46 -15
11 4
-44 -16
-43 -16
-45 -15
-44 -15
-44 -18
-43 -18
-45 -17
-44 -17
-42 -14
-41 -14
-43 -13
-42 -13
-42 -16
-41 -16
-43 -15
-42 -15
4 -11
-16 44
-15 44
-17 45
-16 45
-16 42
-15 42
-17 43
-16 43
-14 46
-13 46
-15 47
-14 47
-14 44
-13 44
-15 45
-14 45
4 11
-16 -44
-15 -44
-17 -43
-16 -43
-16 -46
-15 -46
-17 -45
-16 -45
-14 -42
-13 -42
-15 -41
-14 -41
-14 -44
-13 -44
-15 -43
-14 -43
-11 5
44 -20
45 -20
43 -19
44 -19
44 -22
45 -22
43 -21
44 -21
46 -18
47 -18
45 -17
46 -17
46 -20
47 -20
45 -19
46 -19
11 5
-44 -20
-43 -20
-45 -19
-44 -19
-44 -22
-43 -22
-45 -21
-44 -21
-42 -18
-41 -18
-43 -17
-42 -17
-42 -20
-41 -20
-43 -19
-42 -19
5 -11
-20 44
-19 44
-21 45
-20 45
-20 42
-19 42
-21 43
-20 43
-18 46
-17 46
-19 47
-18 47
-18 44
-17 44
-19 45
-18 45
5 11
-20 -44
-19 -44
-21 -43
-20 -43
-20 -46
-19 -46
-21 -45
-20 -45
-18 -42
-17 -42
-19 -41
-18 -41
-18 -44
-17 -44
-19 -43
-18 -43
-11 6
44 -24
45 -24
43 -23
44 -23
44 -26
45 -26
43 -25
44 -25
46 -22
47 -22
45 -21
46 -21
46 -24
47 -24
45 -23
46 -23
11 6
-44 -24
-43 -24
-45 -23
-44 -23
-44 -26
-43 -26
-45 -25
-44 -25
-42 -22
-41 -22
-43 -21
-42 -21
-42 -24
-41 -24
-43 -23
-42 -23
6 -11
-24 44
-23 44
-25 45
-24 45
-24 42
-23 42
-25 43
-24 43
-22 46
-21 46
-23 47
-22 47
-22 44
-21 44
-23 45
-22 45
6 11
-24 -44
-23 -44
-25 -43
-24 -43
-24 -46
-23 -46
-25 -45
-24 -45
-22 -42
-21 -42
-23 -41
-22 -41
-22 -44
-21 -44
-23 -43
-22 -43
-11 7
44 -28
45 -28
43 -27
44 -27
44 -30
45 -30
43 -29
44 -29
46 -26
47 -26
45 -25
46 -25
46 -28
47 -28
45 -27
46 -27
11 7
-44 -28
-43 -28
-45 -27
-44 -27
-44 -30
-43 -30
-45 -29
-44 -29
-42 -26
-41 -26
-43 -25
-42 -25
-42 -28
-41 -28
-43 -27
-42 -27
7 -11
-28 44
-27 44
-29 45
-28 45
-28 42
-27 42
-29 43
-28 43
-26 46
-25 46
-27 47
-26 47
-26 44
-25 44
-27 45
-26 45
7 11
-28 -44
-27 -44
-29 -43
-28 -43
-28 -46
-27 -46
-29 -45
-28 -45
-26 -42
-25 -42
-27 -41
-26 -41
-26 -44
-25 -44
-27 -43
-26 -43
-11 8
44 -32
45 -32
43 -31
44 -31
44 -34
45 -34
43 -33
44 -33
46 -30
47 -30
45 -29
46 -29
46 -32
47 -32
45 -31
46 -31
11 8
-44 -32
-43 -32
-45 -31
-44 -31
-44 -34
-43 -34
-45 -33
-44 -33
-42 -30
-41 -30
-43 -29
-42 -29
-42 -32
-41 -32
-43 -31
-42 -31
8 -11
-32 44
-31 44
-33 45
-32 45
-32 42
-31 42
-33 43
-32 43
-30 46
-29 46
-31 47
-30 47
-30 44
-29 44
-31 45
-30 45
8 11
-32 -44
-31 -44
-33 -43
-32 -43
-32 -46
-31 -46
-33 -45
-32 -45
-30 -42
-29 -42
-31 -41
-30 -41
-30 -44
-29 -44
-31 -43
-30 -43
-11 9
44 -36
45 -36
43 -35
44 -35
44 -38
45 -38
43 -37
44 -37
46 -34
47 -34
45 -33
46 -33
46 -36
47 -36
45 -35
46 -35
11 9
-44 -36
-43 -36
-45 -35
-44 -35
-44 -38
-43 -38
-45 -37
-44 -37
-42 -34
-41 -34
-43 -33
-42 -33
-42 -36
-41 -36
-43 -35
-42 -35
9 -11
-36 44
-35 44
-37 45
-36 45
-36 42
-35 42
-37 43
-36 43
-34 46
-33 46
-35 47
-34 47
-34 44
-33 44
-35 45
-34 45
9 11
-36 -44
-35 -44
-37 -43
-36 -43
-36 -46
-35 -46
-37 -45
-36 -45
-34 -42
-33 -42
-35 -41
-34 -41
-34 -44
-33 -44
-35 -43
-34 -43
-11 10
44 -40
45 -40
43 -39
44 -39
44 -42
45 -42
43 -41
44 -41
46 -38
47 -38
45 -37
46 -37
46 -40
47 -40
45 -39
46 -39
11 10
-44 -40
-43 -40
-45 -39
-44 -39
-44 -42
-43 -42
-45 -41
-44 -41
-42 -38
-41 -38
-43 -37
-42 -37
-42 -40
-41 -40
-43 -39
-42 -39
10 -11
-40 44
-39 44
-41 45
-40 45
-40 42
-39 42
-41 43
-40 43
-38 46
-37 46
-39 47
-38 47
-38 44
-37 44
-39 45
-38 45
10 11
-40 -44
-39 -44
-41 -43
-40 -43
-40 -46
-39 -46
-41 -45
-40 -45
-38 -42
-37 -42
-39 -41
-38 -41
-38 -44
-37 -44
-39 -43
-38 -43
-11 11
44 -44
45 -44
43 -43
44 -43
44 -46
45 -46
43 -45
44 -45
46 -42
47 -42
45 -41
46 -41
46 -44
47 -44
45 -43
46 -43
11 11
-44 -44
-43 -44
-45 -43
-44 -43
-44 -46
-43 -46
-45 -45
-44 -45
-42 -42
-41 -42
-43 -41
-42 -41
-42 -44
-41 -44
-43 -43
-42 -43
11 -11
-44 44
-43 44
-45 45
-44 45
-44 42
-43 42
-45 43
-44 43
-42 46
-41 46
-43 47
-42 47
-42 44
-41 44
-43 45
-42 45
11 11
-44 -44
-43 -44
-45 -43
-44 -43
-44 -46
-43 -46
-45 -45
-44 -45
-42 -42
-41 -42
-43 -41
-42 -41
-42 -44
-41 -44
-43 -43
-42 -43
-12 -12
48 48
49 48
47 49
48 49
48 46
49 46
47 47
48 47
50 50
51 50
49 51
50 51
50 48
51 48
49 49
50 49
12 -12
-48 48
-47 48
-49 49
-48 49
-48 46
-47 46
-49 47
-48 47
-46 50
-45 50
-47 51
-46 51
-46 48
-45 48
-47 49
-46 49
-12 -12
48 48
49 48
47 49
48 49
48 46
49 46
47 47
48 47
50 50
51 50
49 51
50 51
50 48
51 48
49 49
50 49
-12 12
48 -48
49 -48
47 -47
48 -47
48 -50
49 -50
47 -49
48 -49
50 -46
51 -46
49 -45
50 -45
50 -48
51 -48
49 -47
50 -47
-12 -11
48 44
49 44
47 45
48 45
48 42
49 42
47 43
48 43
50 46
51 46
49 47
50 47
50 44
51 44
49 45
50 45
12 -11
-48 44
-47 44
-49 45
-48 45
-48 42
-47 42
-49 43
-48 43
-46 46
-45 46
-47 47
-46 47
-46 44
-45 44
-47 45
-46 45
-11 -12
44 48
45 48
43 49
44 49
44 46
45 46
43 47
44 47
46 50
47 50
45 51
46 51
46 48
47 48
45 49
46 49
-11 12
44 -48
45 -48
43 -47
44 -47
44 -50
45 -50
43 -49
44 -49
46 -46
47 -46
45 -45
46 -45
46 -48
47 -48
45 -47
46 -47
-12 -10
48 40
49 40
47 41
48 41
48 38
49 38
47 39
48 39
50 42
51 42
49 43
50 43
50 40
51 40
49 41
50 41
12 -10
-48 40
-47 40
-49 41
-48 41
-48 38
-47 38
-49 39
-48 39
-46 42
-45 42
-47 43
-46 43
-46 40
-45 40
-47 41
-46 41
-10 -12
40 48
41 48
39 49
40 49
40 46
41 46
39 47
40 47
42 50
43 50
41 51
42 51
42 48
43 48
41 49
42 49
-10 12
40 -48
41 -48
39 -47
40 -47
40 -50
41 -50
39 -49
40 -49
42 -46
43 -46
41 -45
42 -45
42 -48
43 -48
41 -47
42 -47
-12 -9
48 36
49 36
47 37
48 37
48 34
49 34
47 35
48 35
50 38
51 38
49 39
50 39
50 36
51 36
49 37
50 37
12 -9
-48 36
-47 36
-49 37
-48 37
-48 34
-47 34
-49 35
-48 35
-46 38
-45 38
-47 39
-46 39
-46 36
-45 36
-47 37
-46 37
-9 -12
36 48
37 48
35 49
36 49
36 46
37 46
35 47
36 47
38 50
39 50
37 51
38 51
38 48
39 48
37 49
38 49
-9 12
36 -48
37 -48
35 -47
36 -47
36 -50
37 -50
35 -49
36 -49
38 -46
39 -46
37 -45
38 -45
38 -48
39 -48
37 -47
38 -47
-12 -8
48 32
49 32
47 33
48 33
48 30
49 30
47 31
48 31
50 34
51 34
49 35
50 35
50 32
51 32
49 33
50 33
12 -8
-48 32
-47 32
-49 33
-48 33
-48 30
-47 30
-49 31
-48 31
-46 34
-45 34
-47 35
-46 35
-46 32
-45 32
-47 33
-46 33
-8 -12
32 48
33 48
31 49
32 49
32 46
33 46
31 47
32 47
34 50
35 50
33 51
34 51
34 48
35 48
33 49
34 49
-8 12
32 -48
33 -48
31 -47
32 -47
32 -50
33 -50
31 -49
32 -49
34 -46
35 -46
33 -45
34 -45
34 -48
35 -48
33 -47
34 -47
-12 -7
48 28
49 28
47 29
48 29
48 26
49 26
47 27
48 27
50 30
51 30
49 31
50 31
50 28
51 28
49 29
50 29
12 -7
-48 28
-47 28
-49 29
-48 29
-48 26
-47 26
-49 27
-48 27
-46 30
-45 30
-47 31
-46 31
-46 28
-45 28
-47 29
-46 29
-7 -12
28 48
29 48
27 49
28 49
28 46
29 46
27 47
28 47
30 50
31 50
29 51
30 51
30 48
31 48
29 49
30 49
-7 12
28 -48
29 -48
27 -47
28 -47
28 -50
29 -50
27 -49
28 -49
30 -46
31 -46
29 -45
30 -45
30 -48
31 -48
29 -47
30 -47
-12 -6
48 24
49 24
47 25
48 25
48 22
49 22
47 23
48 23
50 26
51 26
49 27
50 27
50 24
51 24
49 25
50 25
12 -6
-48 24
-47 24
-49 25
-48 25
-48 22
-47 22
-49 23
-48 23
-46 26
-45 26
-47 27
-46 27
-46 24
-45 24
-47 25
-46 25
-6 -12
24 48
25 48
23 49
24 49
24 46
25 46
23 47
24 47
26 50
27 50
25 51
26 51
26 48
27 48
25 49
26 49
-6 12
24 -48
25 -48
23 -47
24 -47
24 -50
25 -50
23 -49
24 -49
26 -46
27 -46
25 -45
26 -45
26 -48
27 -48
25 -47
26 -47
-12 -5
48 20
49 20
47 21
48 21
48 18
49 18
47 19
48 19
50 22
51 22
49 23
50 23
50 20
51 20
49 21
50 21
12 -5
-48 20
-47 20
-49 21
-48 21
-48 18
-47 18
-49 19
-48 19
-46 22
-45 22
-47 23
-46 23
-46 20
-45 20
-47 21
-46 21
-5 -12
20 48
21 48
19 49
20 49
20 46
21 46
19 47
20 47
22 50
23 50
21 51
22 51
22 48
23 48
21 49
22 49
-5 12
20 -48
21 -48
19 -47
20 -47
20 -50
21 -50
19 -49
20 -49
22 -46
23 -46
21 -45
22 -45
22 -48
23 -48
21 -47
22 -47
-12 -4
48 16
49 16
47 17
48 17
48 14
49 14
47 15
48 15
50 18
51 18
49 19
50 19
50 16
51 16
49 17
50 17
12 -4
-48 16
-47 16
-49 17
-48 17
-48 14
-47 14
-49 15
-48 15
-46 18
-45 18
-47 19
-46 19
-46 16
-45 16
-47 17
-46 17
-4 -12
16 48
17 48
15 49
16 49
16 46
17 46
15 47
16 47
18 50
19 50
17 51
18 51
18 48
19 48
17 49
18 49
-4 12
16 -48
17 -48
15 -47
16 -47
16 -50
17 -50
15 -49
16 -49
18 -46
19 -46
17 -45
18 -45
18 -48
19 -48
17 -47
18 -47
-12 -3
48 12
49 12
47 13
48 13
48 10
49 10
47 11
48 11
50 14
51 14
49 15
50 15
50 12
51 12
49 13
50 13
12 -3
-48 12
-47 12
-49 13
-48 13
-48 10
-47 10
-49 11
-48 11
-46 14
-45 14
-47 15
-46 15
-46 12
-45 12
-47 13
-46 13
-3 -12
12 48
13 48
11 49
12 49
12 46
13 46
11 47
12 47
14 50
15 50
13 51
14 51
14 48
15 48
13 49
14 49
-3 12
12 -48
13 -48
11 -47
12 -47
12 -50
13 -50
11 -49
12 -49
14 -46
15 -46
13 -45
14 -45
14 -48
15 -48
13 -47
14 -47
-12 -2
48 8
49 8
47 9
48 9
48 6
49 6
47 7
48 7
50 10
51 10
49 11
50 11
50 8
51 8
49 9
50 9
12 -2
-48 8
-47 8
-49 9
-48 9
-48 6
-47 6
-49 7
-48 7
-46 10
-45 10
-47 11
-46 11
-46 8
-45 8
-47 9
-46 9
-2 -12
8 48
9 48
7 49
8 49
8 46
9 46
7 47
8 47
10 50
11 50
9 51
10 51
10 48
11 48
9 49
10 49
-2 12
8 -48
9 -48
7 -47
8 -47
8 -50
9 -50
7 -49
8 -49
10 -46
11 -46
9 -45
10 -45
10 -48
11 -48
9 -47
10 -47
-12 -1
48 4
49 4
47 5
48 5
48 2
49 2
47 3
48 3
50 6
51 6
49 7
50 7
50 4
51 4
49 5
50 5
12 -1
-48 4
-47 4
-49 5
-48 5
-48 2
-47 2
-49 3
-48 3
-46 6
-45 6
-47 7
-46 7
-46 4
-45 4
-47 5
-46 5
-1 -12
4 48
5 48
3 49
4 49
4 46
5 46
3 47
4 47
6 50
7 50
5 51
6 51
6 48
7 48
5 49
6 49
-1 12
4 -48
5 -48
3 -47
4 -47
4 -50
5 -50
3 -49
4 -49
6 -46
7 -46
5 -45
6 -45
6 -48
7 -48
5 -47
6 -47
-12 0
48 0
49 0
47 1
48 1
48 -2
49 -2
47 -1
48 -1
50 2
51 2
49 3
50 3
50 0
51 0
49 1
50 1
12 0
-48 0
-47 0
-49 1
-48 1
-48 -2
-47 -2
-49 -1
-48 -1
-46 2
-45 2
-47 3
-46 3
-46 0
-45 0
-47 1
-46 1
0 -12
0 48
1 48
-1 49
0 49
0 46
1 46
-1 47
0 47
2 50
3 50
1 51
2 51
2 48
3 48
1 49
2 49
0 12
0 -48
1 -48
-1 -47
0 -47
0 -50
1 -50
-1 -49
0 -49
2 -46
3 -46
1 -45
2 -45
2 -48
3 -48
1 -47
2 -47
-12 1
48 -4
49 -4
47 -3
48 -3
48 -6
49 -6
47 -5
48 -5
50 -2
51 -2
49 -1
50 -1
50 -4
51 -4
49 -3
50 -3
12 1
-48 -4
-47 -4
-49 -3
-48 -3
-48 -6
-47 -6
-49 -5
-48 -5
-46 -2
-45 -2
-47 -1
-46 -1
-46 -4
-45 -4
-47 -3
-46 -3
1 -12
-4 48
-3 48
-5 49
-4 49
-4 46
-3 46
-5 47
-4 47
-2 50
-1 50
-3 51
-2 51
-2 48
-1 48
-3 49
-2 49
1 12
-4 -48
-3 -48
-5 -47
-4 -47
-4 -50
-3 -50
-5 -49
-4 -49
-2 -46
-1 -46
-3 -45
-2 -45
-2 -48
-1 -48
-3 -47
-2 -47
-12 2
48 -8
49 -8
47 -7
48 -7
48 -10
49 -10
47 -9
48 -9
50 -6
51 -6
49 -5
50 -5
50 -8
51 -8
49 -7
50 -7
12 2
-48 -8
-47 -8
-49 -7
-48 -7
-48 -10
-47 -10
-49 -9
-48 -9
-46 -6
-45 -6
-47 -5
-46 -5
-46 -8
-45 -8
-47 -7
-46 -7
2 -12
-8 48
-7 48
-9 49
-8 49
-8 46
-7 46
-9 47
-8 47
-6 50
-5 50
-7 51
-6 51
-6 48
-5 48
-7 49
-6 49
2 12
-8 -48
-7 -48
-9 -47
-8 -47
-8 -50
-7 -50
-9 -49
-8 -49
-6 -46
-5 -46
-7 -45
-6 -45
-6 -48
-5 -48
-7 -47
-6 -47
-12 3
48 -12
49 -12
47 -11
48 -11
48 -14
49 -14
47 -13
48 -13
50 -10
51 -10
49 -9
50 -9
50 -12
51 -12
49 -11
50 -11
12 3
-48 -12
-47 -12
-49 -11
-48 -11
-48 -14
-47 -14
-49 -13
-48 -13
-46 -10
-45 -10
-47 -9
-46 -9
-46 -12
-45 -12
-47 -11
-46 -11
3 -12
-12 48
-11 48
-13 49
-12 49
-12 46
-11 46
-13 47
-12 47
-10 50
-9 50
-11 51
-10 51
-10 48
-9 48
-11 49
-10 49
3 12
-12 -48
-11 -48
-13 -47
-12 -47
-12 -50
-11 -50
-13 -49
-12 -49
-10 -46
-9 -46
-11 -45
-10 -45
-10 -48
-9 -48
-11 -47
-10 -47
-12 4
48 -16
49 -16
47 -15
48 -15
48 -18
49 -18
47 -17
48 -17
50 -14
51 -14
49 -13
50 -13
50 -16
51 -16
49 -15
50 -15
12 4
-48 -16
-47 -16
-49 -15
-48 -15
-48 -18
-47 -18
-49 -17
-48 -17
-46 -14
-45 -14
-47 -13
-46 -13
-46 -16
-45 -16
-47 -15
-46 -15
4 -12
-16 48
-15 48
-17 49
-16 49
-16 46
-15 46
-17 47
-16 47
-14 50
-13 50
-15 51
-14 51
-14 48
-13 48
-15 49
-14 49
4 12
-16 -48
-15 -48
-17 -47
-16 -47
-16 -50
-15 -50
-17 -49
-16 -49
-14 -46
-13 -46
-15 -45
-14 -45
-14 -48
-13 -48
-15 -47
-14 -47
-12 5
48 -20
49 -20
47 -19
48 -19
48 -22
49 -22
47 -21
48 -21
50 -18
51 -18
49 -17
50 -17
50 -20
51 -20
49 -19
50 -19
12 5
-48 -20
-47 -20
-49 -19
-48 -19
-48 -22
-47 -22
-49 -21
-48 -21
-46 -18
-45 -18
-47 -17
-46 -17
-46 -20
-45 -20
-47 -19
-46 -19
5 -12
-20 48
-19 48
-21 49
-20 49
-20 46
-19 46
-21 47
-20 47
-18 50
-17 50
-19 51
-18 51
-18 48
-17 48
-19 49
-18 49
5 12
-20 -48
-19 -48
-21 -47
-20 -47
-20 -50
-19 -50
-21 -49
-20 -49
-18 -46
-17 -46
-19 -45
-18 -45
-18 -48
-17 -48
-19 -47
-18 -47
-12 6
48 -24
49 -24
47 -23
48 -23
48 -26
49 -26
47 -25
48 -25
50 -22
51 -22
49 -21
50 -21
50 -24
51 -24
49 -23
50 -23
12 6
-48 -24
-47 -24
-49 -23
-48 -23
-48 -26
-47 -26
-49 -25
-48 -25
-46 -22
-45 -22
-47 -21
-46 -21
-46 -24
-45 -24
-47 -23
-46 -23
6 -12
-24 48
-23 48
-25 49
-24 49
-24 46
-23 46
-25 47
-24 47
-22 50
-21 50
-23 51
-22 51
-22 48
-21 48
-23 49
-22 49
6 12
-24 -48
-23 -48
-25 -47
-24 -47
-24 -50
-23 -50
-25 -49
-24 -49
-22 -46
-21 -46
-23 -45
-22 -45
-22 -48
-21 -48
-23 -47
-22 -47
-12 7
48 -28
49 -28
47 -27
48 -27
48 -30
49 -30
47 -29
48 -29
50 -26
51 -26
49 -25
50 -25
50 -28
51 -28
49 -27
50 -27
12 7
-48 -28
-47 -28
-49 -27
-48 -27
-48 -30
-47 -30
-49 -29
-48 -29
-46 -26
-45 -26
-47 -25
-46 -25
-46 -28
-45 -28
-47 -27
-46 -27
7 -12
-28 48
-27 48
-29 49
-28 49
-28 46
-27 46
-29 47
-28 47
-26 50
-25 50
-27 51
-26 51
-26 48
-25 48
-27 49
-26 49
7 12
-28 -48
-27 -48
-29 -47
-28 -47
-28 -50
-27 -50
-29 -49
-28 -49
-26 -46
-25 -46
-27 -45
-26 -45
-26 -48
-25 -48
-27 -47
-26 -47
-12 8
48 -32
49 -32
47 -31
48 -31
48 -34
49 -34
47 -33
48 -33
50 -30
51 -30
49 -29
50 -29
50 -32
51 -32
49 -31
50 -31
12 8
-48 -32
-47 -32
-49 -31
-48 -31
-48 -34
-47 -34
-49 -33
-48 -33
-46 -30
-45 -30
-47 -29
-46 -29
-46 -32
-45 -32
-47 -31
-46 -31
8 -12
-32 48
-31 48
-33 49
-32 49
-32 46
-31 46
-33 47
-32 47
-30 50
-29 50
-31 51
-30 51
-30 48
-29 48
-31 49
-30 49
8 12
-32 -48
-31 -48
-33 -47
-32 -47
-32 -50
-31 -50
-33 -49
-32 -49
-30 -46
-29 -46
-31 -45
-30 -45
-30 -48
-29 -48
-31 -47
-30 -47
-12 9
48 -36
49 -36
47 -35
48 -35
48 -38
49 -38
47 -37
48 -37
50 -34
51 -34
49 -33
50 -33
50 -36
51 -36
49 -35
50 -35
12 9
-48 -36
-47 -36
-49 -35
-48 -35
-48 -38
-47 -38
-49 -37
-48 -37
-46 -34
-45 -34
-47 -33
-46 -33
-46 -36
-45 -36
-47 -35
-46 -35
9 -12
-36 48
-35 48
-37 49
-36 49
-36 46
-35 46
-37 47
-36 47
-34 50
-33 50
-35 51
-34 51
-34 48
-33 48
-35 49
-34 49
9 12
-36 -48
-35 -48
-37 -47
-36 -47
-36 -50
-35 -50
-37 -49
-36 -49
-34 -46
-33 -46
-35 -45
-34 -45
-34 -48
-33 -48
-35 -47
-34 -47
-12 10
48 -40
49 -40
47 -39
48 -39
48 -42
49 -42
47 -41
48 -41
50 -38
51 -38
49 -37
50 -37
50 -40
51 -40
49 -39
50 -39
12 10
-48 -40
-47 -40
-49 -39
-48 -39
-48 -42
-47 -42
-49 -41
-48 -41
-46 -38
-45 -38
-47 -37
-46 -37
-46 -40
-45 -40
-47 -39
-46 -39
10 -12
-40 48
-39 48
-41 49
-40 49
-40 46
-39 46
-41 47
-40 47
-38 50
-37 50
-39 51
-38 51
-38 48
-37 48
-39 49
-38 49
10 12
-40 -48
-39 -48
-41 -47
-40 -47
-40 -50
-39 -50
-41 -49
-40 -49
-38 -46
-37 -46
-39 -45
-38 -45
-38 -48
-37 -48
-39 -47
-38 -47
-12 11
48 -44
49 -44
47 -43
48 -43
48 -46
49 -46
47 -45
48 -45
50 -42
51 -42
49 -41
50 -41
50 -44
51 -44
49 -43
50 -43
12 11
-48 -44
-47 -44
-49 -43
-48 -43
-48 -46
-47 -46
-49 -45
-48 -45
-46 -42
-45 -42
-47 -41
-46 -41
-46 -44
-45 -44
-47 -43
-46 -43
11 -12
-44 48
-43 48
-45 49
-44 49
-44 46
-43 46
-45 47
-44 47
-42 50
-41 50
-43 51
-42 51
-42 48
-41 48
-43 49
-42 49
11 12
-44 -48
-43 -48
-45 -47
-44 -47
-44 -50
-43 -50
-45 -49
-44 -49
-42 -46
-41 -46
-43 -45
-42 -45
-42 -48
-41 -48
-43 -47
-42 -47
-12 12
48 -48
49 -48
47 -47
48 -47
48 -50
49 -50
47 -49
48 -49
50 -46
51 -46
49 -45
50 -45
50 -48
51 -48
49 -47
50 -47
12 12
-48 -48
-47 -48
-49 -47
-48 -47
-48 -50
-47 -50
-49 -49
-48 -49
-46 -46
-45 -46
-47 -45
-46 -45
-46 -48
-45 -48
-47 -47
-46 -47
12 -12
-48 48
-47 48
-49 49
-48 49
-48 46
-47 46
-49 47
-48 47
-46 50
-45 50
-47 51
-46 51
-46 48
-45 48
-47 49
-46 49
12 12
-48 -48
-47 -48
-49 -47
-48 -47
-48 -50
-47 -50
-49 -49
-48 -49
-46 -46
-45 -46
-47 -45
-46 -45
-46 -48
-45 -48
-47 -47
-46 -47
-13 -13
52 52
53 52
51 53
52 53
52 50
53 50
51 51
52 51
54 54
55 54
53 55
54 55
54 52
55 52
53 53
54 53
13 -13
-52 52
-51 52
-53 53
-52 53
-52 50
-51 50
-53 51
-52 51
-50 54
-49 54
-51 55
-50 55
-50 52
-49 52
-51 53
-50 53
-13 -13
52 52
53 52
51 53
52 53
52 50
53 50
51 51
52 51
54 54
55 54
53 55
54 55
54 52
55 52
53 53
54 53
-13 13
52 -52
53 -52
51 -51
52 -51
52 -54
53 -54
51 -53
52 -53
54 -50
55 -50
53 -49
54 -49
54 -52
55 -52
53 -51
54 -51
-13 -12
52 48
53 48
51 49
52 49
52 46
53 46
51 47
52 47
54 50
55 50
53 51
54 51
54 48
55 48
53 49
54 49
13 -12
-52 48
-51 48
-53 49
-52 49
-52 46
-51 46
-53 47
-52 47
-50 50
-49 50
-51 51
-50 51
-50 48
-49 48
-51 49
-50 49
-12 -13
48 52
49 52
47 53
48 53
48 50
49 50
47 51
48 51
50 54
51 54
49 55
50 55
50 52
51 52
49 53
50 53
-12 13
48 -52
49 -52
47 -51
48 -51
48 -54
49 -54
47 -53
48 -53
50 -50
51 -50
49 -49
50 -49
50 -52
51 -52
49 -51
50 -51
-13 -11
52 44
53 44
51 45
52 45
52 42
53 42
51 43
52 43
54 46
55 46
53 47
54 47
54 44
55 44
53 45
54 45
13 -11
-52 44
-51 44
-53 45
-52 45
-52 42
-51 42
-53 43
-52 43
-50 46
-49 46
-51 47
-50 47
-50 44
-49 44
-51 45
-50 45
-11 -13
44 52
45 52
43 53
44 53
44 50
45 50
43 51
44 51
46 54
47 54
45 55
46 55
46 52
47 52
45 53
46 53
-11 13
44 -52
45 -52
43 -51
44 -51
44 -54
45 -54
43 -53
44 -53
46 -50
47 -50
45 -49
46 -49
46 -52
47 -52
45 -51
46 -51
-13 -10
52 40
53 40
51 41
52 41
52 38
53 38
51 39
52 39
54 42
55 42
53 43
54 43
54 40
55 40
53 41
54 41
13 -10
-52 40
-51 40
-53 41
-52 41
-52 38
-51 38
-53 39
-52 39
-50 42
-49 42
-51 43
-50 43
-50 40
-49 40
-51 41
-50 41
-10 -13
40 52
41 52
39 53
40 53
40 50
41 50
39 51
40 51
42 54
43 54
41 55
42 55
42 52
43 52
41 53
42 53
-10 13
40 -52
41 -52
39 -51
40 -51
40 -54
41 -54
39 -53
40 -53
42 -50
43 -50
41 -49
42 -49
42 -52
43 -52
41 -51
42 -51
-13 -9
52 36
53 36
51 37
52 37
52 34
53 34
51 35
52 35
54 38
55 38
53 39
54 39
54 36
55 36
53 37
54 37
13 -9
-52 36
-51 36
-53 37
-52 37
-52 34
-51 34
-53 35
-52 35
-50 38
-49 38
-51 39
-50 39
-50 36
-49 36
-51 37
-50 37
-9 -13
36 52
37 52
35 53
36 53
36 50
37 50
35 51
36 51
38 54
39 54
37 55
38 55
38 52
39 52
37 53
38 53
-9 13
36 -52
37 -52
35 -51
36 -51
36 -54
37 -54
35 -53
36 -53
38 -50
39 -50
37 -49
38 -49
38 -52
39 -52
37 -51
38 -51
-13 -8
52 32
53 32
51 33
52 33
52 30
53 30
51 31
52 31
54 34
55 34
53 35
54 35
54 32
55 32
53 33
54 33
13 -8
-52 32
-51 32
-53 33
-52 33
-52 30
-51 30
-53 31
-52 31
-50 34
-49 34
-51 35
-50 35
-50 32
-49 32
-51 33
-50 33
-8 -13
32 52
33 52
31 53
32 53
32 50
33 50
31 51
32 51
34 54
35 54
33 55
34 55
34 52
35 52
33 53
34 53
-8 13
32 -52
33 -52
31 -51
32 -51
32 -54
33 -54
31 -53
32 -53
34 -50
35 -50
33 -49
34 -49
34 -52
35 -52
33 -51
34 -51
-13 -7
52 28
53 28
51 29
52 29
52 26
53 26
51 27
52 27
54 30
55 30
53 31
54 31
54 28
55 28
53 29
54 29
13 -7
-52 28
-51 28
-53 29
-52 29
-52 26
-51 26
-53 27
-52 27
-50 30
-49 30
-51 31
-50 31
-50 28
-49 28
-51 29
-50 29
-7 -13
28 52
29 52
27 53
28 53
28 50
29 50
27 51
28 51
30 54
31 54
29 55
30 55
30 52
31 52
29 53
30 53
-7 13
28 -52
29 -52
27 -51
28 -51
28 -54
29 -54
27 -53
28 -53
30 -50
31 -50
29 -49
30 -49
30 -52
31 -52
29 -51
30 -51
-13 -6
52 24
53 24
51 25
52 25
52 22
53 22
51 23
52 23
54 26
55 26
53 27
54 27
54 24
55 24
53 25
54 25
13 -6
-52 24
-51 24
-53 25
-52 25
-52 22
-51 22
-53 23
-52 23
-50 26
-49 26
-51 27
-50 27
-50 24
-49 24
-51 25
-50 25
-6 -13
24 52
25 52
23 53
24 53
24 50
25 50
23 51
24 51
26 54
27 54
25 55
26 55
26 52
27 52
25 53
26 53
-6 13
24 -52
25 -52
23 -51
24 -51
24 -54
25 -54
23 -53
24 -53
26 -50
27 -50
25 -49
26 -49
26 -52
27 -52
25 -51
26 -51
-13 -5
52 20
53 20
51 21
52 21
52 18
53 18
51 19
52 19
54 22
55 22
53 23
54 23
54 20
55 20
53 21
54 21
13 -5
-52 20
-51 20
-53 21
-52 21
-52 18
-51 18
-53 19
-52 19
-50 22
-49 22
-51 23
-50 23
-50 20
-49 20
-51 21
-50 21
-5 -13
20 52
21 52
19 53
20 53
20 50
21 50
19 51
20 51
22 54
23 54
21 55
22 55
22 52
23 52
21 53
22 53
-5 13
20 -52
21 -52
19 -51
20 -51
20 -54
21 -54
19 -53
20 -53
22 -50
23 -50
21 -49
22 -49
22 -52
23 -52
21 -51
22 -51
-13 -4
52 16
53 16
51 17
52 17
52 14
53 14
51 15
52 15
54 18
55 18
53 19
54 19
54 16
55 16
53 17
54 17
13 -4
-52 16
-51 16
-53 17
-52 17
-52 14
-51 14
-53 15
-52 15
-50 18
-49 18
-51 19
-50 19
-50 16
-49 16
-51 17
-50 17
-4 -13
16 52
17 52
15 53
16 53
16 50
17 50
15 51
16 51
18 54
19 54
17 55
18 55
18 52
19 52
17 53
18 53
-4 13
16 -52
17 -52
15 -51
16 -51
16 -54
17 -54
15 -53
16 -53
18 -50
19 -50
17 -49
18 -49
18 -52
19 -52
17 -51
18 -51
-13 -3
52 12
53 12
51 13
52 13
52 10
53 10
51 11
52 11
54 14
55 14
53 15
54 15
54 12
55 12
53 13
54 13
13 -3
-52 12
-51 12
-53 13
-52 13
-52 10
-51 10
-53 11
-52 11
-50 14
-49 14
-51 15
-50 15
-50 12
-49 12
-51 13
-50 13
-3 -13
12 52
13 52
11 53
12 53
12 50
13 50
11 51
12 51
14 54
15 54
13 55
14 55
14 52
15 52
13 53
14 53
-3 13
12 -52
13 -52
11 -51
12 -51
12 -54
13 -54
11 -53
12 -53
14 -50
15 -50
13 -49
14 -49
14 -52
15 -52
13 -51
14 -51
-13 -2
52 8
53 8
51 9
52 9
52 6
53 6
51 7
52 7
54 10
55 10
53 11
54 11
54 8
55 8
53 9
54 9
13 -2
-52 8
-51 8
-53 9
-52 9
-52 6
-51 6
-53 7
-52 7
-50 10
-49 10
-51 11
-50 11
-50 8
-49 8
-51 9
-50 9
-2 -13
8 52
9 52
7 53
8 53
8 50
9 50
7 51
8 51
10 54
11 54
9 55
10 55
10 52
11 52
9 53
10 53
-2 13
8 -52
9 -52
7 -51
8 -51
8 -54
9 -54
7 -53
8 -53
10 -50
11 -50
9 -49
10 -49
10 -52
11 -52
9 -51
10 -51
-13 -1
52 4
53 4
51 5
52 5
52 2
53 2
51 3
52 3
54 6
55 6
53 7
54 7
54 4
55 4
53 5
54 5
13 -1
-52 4
-51 4
-53 5
-52 5
-52 2
-51 2
-53 3
-52 3
-50 6
-49 6
-51 7
-50 7
-50 4
-49 4
-51 5
-50 5
-1 -13
4 52
5 52
3 53
4 53
4 50
5 50
3 51
4 51
6 54
7 54
5 55
6 55
6 52
7 52
5 53
6 53
-1 13
4 -52
5 -52
3 -51
4 -51
4 -54
5 -54
3 -53
4 -53
6 -50
7 -50
5 -49
6 -49
6 -52
7 -52
5 -51
6 -51
-13 0
52 0
53 0
51 1
52 1
52 -2
53 -2
51 -1
52 -1
54 2
55 2
53 3
54 3
54 0
55 0
53 1
54 1
13 0
-52 0
-51 0
-53 1
-52 1
-52 -2
-51 -2
-53 -1
-52 -1
-50 2
-49 2
-51 3
-50 3
-50 0
-49 0
-51 1
-50 1
0 -13
0 52
1 52
-1 53
0 53
0 50
1 50
-1 51
0 51
2 54
3 54
1 55
2 55
2 52
3 52
1 53
2 53
0 13
0 -52
1 -52
-1 -51
0 -51
0 -54
1 -54
-1 -53
0 -53
2 -50
3 -50
1 -49
2 -49
2 -52
3 -52
1 -51
2 -51
-13 1
52 -4
53 -4
51 -3
52 -3
52 -6
53 -6
51 -5
52 -5
54 -2
55 -2
53 -1
54 -1
54 -4
55 -4
53 -3
54 -3
13 1
-52 -4
-51 -4
-53 -3
-52 -3
-52 -6
-51 -6
-53 -5
-52 -5
-50 -2
-49 -2
-51 -1
-50 -1
-50 -4
-49 -4
-51 -3
-50 -3
1 -13
-4 52
-3 52
-5 53
-4 53
-4 50
-3 50
-5 51
-4 51
-2 54
-1 54
-3 55
-2 55
-2 52
-1 52
-3 53
-2 53
1 13
-4 -52
-3 -52
-5 -51
-4 -51
-4 -54
-3 -54
-5 -53
-4 -53
-2 -50
-1 -50
-3 -49
-2 -49
-2 -52
-1 -52
-3 -51
-2 -51
-13 2
52 -8
53 -8
51 -7
52 -7
52 -10
53 -10
51 -9
52 -9
54 -6
55 -6
53 -5
54 -5
54 -8
55 -8
53 -7
54 -7
13 2
-52 -8
-51 -8
-53 -7
-52 -7
-52 -10
-51 -10
-53 -9
-52 -9
-50 -6
-49 -6
-51 -5
-50 -5
-50 -8
-49 -8
-51 -7
-50 -7
2 -13
-8 52
-7 52
-9 53
-8 53
-8 50
-7 50
-9 51
-8 51
-6 54
-5 54
-7 55
-6 55
-6 52
-5 52
-7 53
-6 53
2 13
-8 -52
-7 -52
-9 -51
-8 -51
-8 -54
-7 -54
-9 -53
-8 -53
-6 -50
-5 -50
-7 -49
-6 -49
-6 -52
-5 -52
-7 -51
-6 -51
-13 3
52 -12
53 -12
51 -11
52 -11
52 -14
53 -14
51 -13
52 -13
54 -10
55 -10
53 -9
54 -9
54 -12
55 -12
53 -11
54 -11
13 3
-52 -12
-51 -12
-53 -11
-52 -11
-52 -14
-51 -14
-53 -13
-52 -13
-50 -10
-49 -10
-51 -9
-50 -9
-50 -12
-49 -12
-51 -11
-50 -11
3 -13
-12 52
-11 52
-13 53
-12 53
-12 50
-11 50
-13 51
-12 51
-10 54
-9 54
-11 55
-10 55
-10 52
-9 52
-11 53
-10 53
3 13
-12 -52
-11 -52
-13 -51
-12 -51
-12 -54
-11 -54
-13 -53
-12 -53
-10 -50
-9 -50
-11 -49
-10 -49
-10 -52
-9 -52
-11 -51
-10 -51
-13 4
52 -16
53 -16
51 -15
52 -15
52 -18
53 -18
51 -17
52 -17
54 -14
55 -14
53 -13
54 -13
54 -16
55 -16
53 -15
54 -15
13 4
-52 -16
-51 -16
-53 -15
-52 -15
-52 -18
-51 -18
-53 -17
-52 -17
-50 -14
-49 -14
-51 -13
-50 -13
-50 -16
-49 -16
-51 -15
-50 -15
4 -13
-16 52
-15 52
-17 53
-16 53
-16 50
-15 50
-17 51
-16 51
-14 54
-13 54
-15 55
-14 55
-14 52
-13 52
-15 53
-14 53
4 13
-16 -52
-15 -52
-17 -51
-16 -51
-16 -54
-15 -54
-17 -53
-16 -53
-14 -50
-13 -50
-15 -49
-14 -49
-14 -52
-13 -52
-15 -51
-14 -51
-13 5
52 -20
53 -20
51 -19
52 -19
52 -22
53 -22
51 -21
52 -21
54 -18
55 -18
53 -17
54 -17
54 -20
55 -20
53 -19
54 -19
13 5
-52 -20
-51 -20
-53 -19
-52 -19
-52 -22
-51 -22
-53 -21
-52 -21
-50 -18
-49 -18
-51 -17
-50 -17
-50 -20
-49 -20
-51 -19
-50 -19
5 -13
-20 52
-19 52
-21 53
-20 53
-20 50
-19 50
-21 51
-20 51
-18 54
-17 54
-19 55
-18 55
-18 52
-17 52
-19 53
-18 53
5 13
-20 -52
-19 -52
-21 -51
-20 -51
-20 -54
-19 -54
-21 -53
-20 -53
-18 -50
-17 -50
-19 -49
-18 -49
-18 -52
-17 -52
-19 -51
-18 -51
-13 6
52 -24
53 -24
51 -23
52 -23
52 -26
53 -26
51 -25
52 -25
54 -22
55 -22
53 -21
54 -21
54 -24
55 -24
53 -23
54 -23
13 6
-52 -24
-51 -24
-53 -23
-52 -23
-52 -26
-51 -26
-53 -25
-52 -25
-50 -22
-49 -22
-51 -21
-50 -21
-50 -24
-49 -24
-51 -23
-50 -23
6 -13
-24 52
-23 52
-25 53
-24 53
-24 50
-23 50
-25 51
-24 51
-22 54
-21 54
-23 55
-22 55
-22 52
-21 52
-23 53
-22 53
6 13
-24 -52
-23 -52
-25 -51
-24 -51
-24 -54
-23 -54
-25 -53
-24 -53
-22 -50
-21 -50
-23 -49
-22 -49
-22 -52
-21 -52
-23 -51
-22 -51
-13 7
52 -28
53 -28
51 -27
52 -27
52 -30
53 -30
51 -29
52 -29
54 -26
55 -26
53 -25
54 -25
54 -28
55 -28
53 -27
54 -27
13 7
-52 -28
-51 -28
-53 -27
-52 -27
-52 -30
-51 -30
-53 -29
-52 -29
-50 -26
-49 -26
-51 -25
-50 -25
-50 -28
-49 -28
-51 -27
-50 -27
7 -13
-28 52
-27 52
-29 53
-28 53
-28 50
-27 50
-29 51
-28 51
-26 54
-25 54
-27 55
-26 55
-26 52
-25 52
-27 53
-26 53
7 13
-28 -52
-27 -52
-29 -51
-28 -51
-28 -54
-27 -54
-29 -53
-28 -53
-26 -50
-25 -50
-27 -49
-26 -49
-26 -52
-25 -52
-27 -51
-26 -51
-13 8
52 -32
53 -32
51 -31
52 -31
52 -34
53 -34
51 -33
52 -33
54 -30
55 -30
53 -29
54 -29
54 -32
55 -32
53 -31
54 -31
13 8
-52 -32
-51 -32
-53 -31
-52 -31
-52 -34
-51 -34
-53 -33
-52 -33
-50 -30
-49 -30
-51 -29
-50 -29
-50 -32
-49 -32
-51 -31
-50 -31
8 -13
-32 52
-31 52
-33 53
-32 53
-32 50
-31 50
-33 51
-32 51
-30 54
-29 54
-31 55
-30 55
-30 52
-29 52
-31 53
-30 53
8 13
-32 -52
-31 -52
-33 -51
-32 -51
-32 -54
-31 -54
-33 -53
-32 -53
-30 -50
-29 -50
-31 -49
-30 -49
-30 -52
-29 -52
-31 -51
-30 -51
-13 9
52 -36
53 -36
51 -35
52 -35
52 -38
53 -38
51 -37
52 -37
54 -34
55 -34
53 -33
54 -33
54 -36
55 -36
53 -35
54 -35
13 9
-52 -36
-51 -36
-53 -35
-52 -35
-52 -38
-51 -38
-53 -37
-52 -37
-50 -34
-49 -34
-51 -33
-50 -33
-50 -36
-49 -36
-51 -35
-50 -35
9 -13
-36 52
-35 52
-37 53
-36 53
-36 50
-35 50
-37 51
-36 51
-34 54
-33 54
-35 55
-34 55
-34 52
-33 52
-35 53
-34 53
9 13
-36 -52
-35 -52
-37 -51
-36 -51
-36 -54
-35 -54
-37 -53
-36 -53
-34 -50
-33 -50
-35 -49
-34 -49
-34 -52
-33 -52
-35 -51
-34 -51
-13 10
52 -40
53 -40
51 -39
52 -39
52 -42
53 -42
51 -41
52 -41
54 -38
55 -38
53 -37
54 -37
54 -40
55 -40
53 -39
54 -39
13 10
-52 -40
-51 -40
-53 -39
-52 -39
-52 -42
-51 -42
-53 -41
-52 -41
-50 -38
-49 -38
-51 -37
-50 -37
-50 -40
-49 -40
-51 -39
-50 -39
10 -13
-40 52
-39 52
-41 53
-40 53
-40 50
-39 50
-41 51
-40 51
-38 54
-37 54
-39 55
-38 55
-38 52
-37 52
-39 53
-38 53
10 13
-40 -52
-39 -52
-41 -51
-40 -51
-40 -54
-39 -54
-41 -53
-40 -53
-38 -50
-37 -50
-39 -49
-38 -49
-38 -52
-37 -52
-39 -51
-38 -51
-13 11
52 -44
53 -44
51 -43
52 -43
52 -46
53 -46
51 -45
52 -45
54 -42
55 -42
53 -41
54 -41
54 -44
55 -44
53 -43
54 -43
13 11
-52 -44
-51 -44
-53 -43
-52 -43
-52 -46
-51 -46
-53 -45
-52 -45
-50 -42
-49 -42
-51 -41
-50 -41
-50 -44
-49 -44
-51 -43
-50 -43
11 -13
-44 52
-43 52
-45 53
-44 53
-44 50
-43 50
-45 51
-44 51
-42 54
-41 54
-43 55
-42 55
-42 52
-41 52
-43 53
-42 53
11 13
-44 -52
-43 -52
-45 -51
-44 -51
-44 -54
-43 -54
-45 -53
-44 -53
-42 -50
-41 -50
-43 -49
-42 -49
-42 -52
-41 -52
-43 -51
-42 -51
-13 12
52 -48
53 -48
51 -47
52 -47
52 -50
53 -50
51 -49
52 -49
54 -46
55 -46
53 -45
54 -45
54 -48
55 -48
53 -47
54 -47
13 12
-52 -48
-51 -48
-53 -47
-52 -47
-52 -50
-51 -50
-53 -49
-52 -49
-50 -46
-49 -46
-51 -45
-50 -45
-50 -48
-49 -48
-51 -47
-50 -47
12 -13
-48 52
-47 52
-49 53
-48 53
-48 50
-47 50
-49 51
-48 51
-46 54
-45 54
-47 55
-46 55
-46 52
-45 52
-47 53
-46 53
12 13
-48 -52
-47 -52
-49 -51
-48 -51
-48 -54
-47 -54
-49 -53
-48 -53
-46 -50
-45 -50
-47 -49
-46 -49
-46 -52
-45 -52
-47 -51
-46 -51
-13 13
52 -52
53 -52
51 -51
52 -51
52 -54
53 -54
51 -53
52 -53
54 -50
55 -50
53 -49
54 -49
54 -52
55 -52
53 -51
54 -51
13 13
-52 -52
-51 -52
-53 -51
-52 -51
-52 -54
-51 -54
-53 -53
-52 -53
-50 -50
-49 -50
-51 -49
-50 -49
-50 -52
-49 -52
-51 -51
-50 -51
13 -13
-52 52
-51 52
-53 53
-52 53
-52 50
-51 50
-53 51
-52 51
-50 54
-49 54
-51 55
-50 55
-50 52
-49 52
-51 53
-50 53
13 13
-52 -52
-51 -52
-53 -51
-52 -51
-52 -54
-51 -54
-53 -53
-52 -53
-50 -50
-49 -50
-51 -49
-50 -49
-50 -52
-49 -52
-51 -51
-50 -51
-14 -14
56 56
57 56
55 57
56 57
56 54
57 54
55 55
56 55
58 58
59 58
57 59
58 59
58 56
59 56
57 57
58 57
14 -14
-56 56
-55 56
-57 57
-56 57
-56 54
-55 54
-57 55
-56 55
-54 58
-53 58
-55 59
-54 59
-54 56
-53 56
-55 57
-54 57
-14 -14
56 56
57 56
55 57
56 57
56 54
57 54
55 55
56 55
58 58
59 58
57 59
58 59
58 56
59 56
57 57
58 57
-14 14
56 -56
57 -56
55 -55
56 -55
56 -58
57 -58
55 -57
56 -57
58 -54
59 -54
57 -53
58 -53
58 -56
59 -56
57 -55
58 -55
-14 -13
56 52
57 52
55 53
56 53
56 50
57 50
55 51
56 51
58 54
59 54
57 55
58 55
58 52
59 52
57 53
58 53
14 -13
-56 52
-55 52
-57 53
-56 53
-56 50
-55 50
-57 51
-56 51
-54 54
-53 54
-55 55
-54 55
-54 52
-53 52
-55 53
-54 53
-13 -14
52 56
53 56
51 57
52 57
52 54
53 54
51 55
52 55
54 58
55 58
53 59
54 59
54 56
55 56
53 57
54 57
-13 14
52 -56
53 -56
51 -55
52 -55
52 -58
53 -58
51 -57
52 -57
54 -54
55 -54
53 -53
54 -53
54 -56
55 -56
53 -55
54 -55
-14 -12
56 48
57 48
55 49
56 49
56 46
57 46
55 47
56 47
58 50
59 50
57 51
58 51
58 48
59 48
57 49
58 49
14 -12
-56 48
-55 48
-57 49
-56 49
-56 46
-55 46
-57 47
-56 47
-54 50
-53 50
-55 51
-54 51
-54 48
-53 48
-55 49
-54 49
-12 -14
48 56
49 56
47 57
48 57
48 54
49 54
47 55
48 55
50 58
51 58
49 59
50 59
50 56
51 56
49 57
50 57
-12 14
48 -56
49 -56
47 -55
48 -55
48 -58
49 -58
47 -57
48 -57
50 -54
51 -54
49 -53
50 -53
50 -56
51 -56
49 -55
50 -55
-14 -11
56 44
57 44
55 45
56 45
56 42
57 42
55 43
56 43
58 46
59 46
57 47
58 47
58 44
59 44
57 45
58 45
14 -11
-56 44
-55 44
-57 45
-56 45
-56 42
-55 42
-57 43
-56 43
-54 46
-53 46
-55 47
-54 47
-54 44
-53 44
-55 45
-54 45
-11 -14
44 56
45 56
43 57
44 57
44 54
45 54
43 55
44 55
46 58
47 58
45 59
46 59
46 56
47 56
45 57
46 57
-11 14
44 -56
45 -56
43 -55
44 -55
44 -58
45 -58
43 -57
44 -57
46 -54
47 -54
45 -53
46 -53
46 -56
47 -56
45 -55
46 -55
-14 -10
56 40
57 40
55 41
56 41
56 38
57 38
55 39
56 39
58 42
59 42
57 43
58 43
58 40
59 40
57 41
58 41
14 -10
-56 40
-55 40
-57 41
-56 41
-56 38
-55 38
-57 39
-56 39
-54 42
-53 42
-55 43
-54 43
-54 40
-53 40
-55 41
-54 41
-10 -14
40 56
41 56
39 57
40 57
40 54
41 54
39 55
40 55
42 58
43 58
41 59
42 59
42 56
43 56
41 57
42 57
-10 14
40 -56
41 -56
39 -55
40 -55
40 -58
41 -58
39 -57
40 -57
42 -54
43 -54
41 -53
42 -53
42 -56
43 -56
41 -55
42 -55
-14 -9
56 36
57 36
55 37
56 37
56 34
57 34
55 35
56 35
58 38
59 38
57 39
58 39
58 36
59 36
57 37
58 37
14 -9
-56 36
-55 36
-57 37
-56 37
-56 34
-55 34
-57 35
-56 35
-54 38
-53 38
-55 39
-54 39
-54 36
-53 36
-55 37
-54 37
-9 -14
36 56
37 56
35 57
36 57
36 54
37 54
35 55
36 55
38 58
39 58
37 59
38 59
38 56
39 56
37 57
38 57
-9 14
36 -56
37 -56
35 -55
36 -55
36 -58
37 -58
35 -57
36 -57
38 -54
39 -54
37 -53
38 -53
38 -56
39 -56
37 -55
38 -55
-14 -8
56 32
57 32
55 33
56 33
56 30
57 30
55 31
56 31
58 34
59 34
57 35
58 35
58 32
59 32
57 33
58 33
14 -8
-56 32
-55 32
-57 33
-56 33
-56 30
-55 30
-57 31
-56 31
-54 34
-53 34
-55 35
-54 35
-54 32
-53 32
-55 33
-54 33
-8 -14
32 56
33 56
31 57
32 57
32 54
33 54
31 55
32 55
34 58
35 58
33 59
34 59
34 56
35 56
33 57
34 57
-8 14
32 -56
33 -56
31 -55
32 -55
32 -58
33 -58
31 -57
32 -57
34 -54
35 -54
33 -53
34 -53
34 -56
35 -56
33 -55
34 -55
-14 -7
56 28
57 28
55 29
56 29
56 26
57 26
55 27
56 27
58 30
59 30
57 31
58 31
58 28
59 28
57 29
58 29
14 -7
-56 28
-55 28
-57 29
-56 29
-56 26
-55 26
-57 27
-56 27
-54 30
-53 30
-55 31
-54 31
-54 28
-53 28
-55 29
-54 29
-7 -14
28 56
29 56
27 57
28 57
28 54
29 54
27 55
28 55
30 58
31 58
29 59
30 59
30 56
31 56
29 57
30 57
-7 14
28 -56
29 -56
27 -55
28 -55
28 -58
29 -58
27 -57
28 -57
30 -54
31 -54
29 -53
30 -53
30 -56
31 -56
29 -55
30 -55
-14 -6
56 24
57 24
55 25
56 25
56 22
57 22
55 23
56 23
58 26
59 26
57 27
58 27
58 24
59 24
57 25
58 25
14 -6
-56 24
-55 24
-57 25
-56 25
-56 22
-55 22
-57 23
-56 23
-54 26
-53 26
-55 27
-54 27
-54 24
-53 24
-55 25
-54 25
-6 -14
24 56
25 56
23 57
24 57
24 54
25 54
23 55
24 55
26 58
27 58
25 59
26 59
26 56
27 56
25 57
26 57
-6 14
24 -56
25 -56
23 -55
24 -55
24 -58
25 -58
23 -57
24 -57
26 -54
27 -54
25 -53
26 -53
26 -56
27 -56
25 -55
26 -55
-14 -5
56 20
57 20
55 21
56 21
56 18
57 18
55 19
56 19
58 22
59 22
57 23
58 23
58 20
59 20
57 21
58 21
14 -5
-56 20
-55 20
-57 21
-56 21
-56 18
-55 18
-57 19
-56 19
-54 22
-53 22
-55 23
-54 23
-54 20
-53 20
-55 21
-54 21
-5 -14
20 56
21 56
19 57
20 57
20 54
21 54
19 55
20 55
22 58
23 58
21 59
22 59
22 56
23 56
21 57
22 57
-5 14
20 -56
21 -56
19 -55
20 -55
20 -58
21 -58
19 -57
20 -57
22 -54
23 -54
21 -53
22 -53
22 -56
23 -56
21 -55
22 -55
-14 -4
56 16
57 16
55 17
56 17
56 14
57 14
55 15
56 15
58 18
59 18
57 19
58 19
58 16
59 16
57 17
58 17
14 -4
-56 16
-55 16
-57 17
-56 17
-56 14
-55 14
-57 15
-56 15
-54 18
-53 18
-55 19
-54 19
-54 16
-53 16
-55 17
-54 17
-4 -14
16 56
17 56
15 57
16 57
16 54
17 54
15 55
16 55
18 58
19 58
17 59
18 59
18 56
19 56
17 57
18 57
-4 14
16 -56
17 -56
15 -55
16 -55
16 -58
17 -58
15 -57
16 -57
18 -54
19 -54
17 -53
18 -53
18 -56
19 -56
17 -55
18 -55
-14 -3
56 12
57 12
55 13
56 13
56 10
57 10
55 11
56 11
58 14
59 14
57 15
58 15
58 12
59 12
57 13
58 13
14 -3
-56 12
-55 12
-57 13
-56 13
-56 10
-55 10
-57 11
-56 11
-54 14
-53 14
-55 15
-54 15
-54 12
-53 12
-55 13
-54 13
-3 -14
12 56
13 56
11 57
12 57
12 54
13 54
11 55
12 55
14 58
15 58
13 59
14 59
14 56
15 56
13 57
14 57
-3 14
12 -56
13 -56
11 -55
12 -55
12 -58
13 -58
11 -57
12 -57
14 -54
15 -54
13 -53
14 -53
14 -56
15 -56
13 -55
14 -55
-14 -2
56 8
57 8
55 9
56 9
56 6
57 6
55 7
56 7
58 10
59 10
57 11
58 11
58 8
59 8
57 9
58 9
14 -2
-56 8
-55 8
-57 9
-56 9
-56 6
-55 6
-57 7
-56 7
-54 10
-53 10
-55 11
-54 11
-54 8
-53 8
-55 9
-54 9
-2 -14
8 56
9 56
7 57
8 57
8 54
9 54
7 55
8 55
10 58
11 58
9 59
10 59
10 56
11 56
9 57
10 57
-2 14
8 -56
9 -56
7 -55
8 -55
8 -58
9 -58
7 -57
8 -57
10 -54
11 -54
9 -53
10 -53
10 -56
11 -56
9 -55
10 -55
-14 -1
56 4
57 4
55 5
56 5
56 2
57 2
55 3
56 3
58 6
59 6
57 7
58 7
58 4
59 4
57 5
58 5
14 -1
-56 4
-55 4
-57 5
-56 5
-56 2
-55 2
-57 3
-56 3
-54 6
-53 6
-55 7
-54 7
-54 4
-53 4
-55 5
-54 5
-1 -14
4 56
5 56
3 57
4 57
4 54
5 54
3 55
4 55
6 58
7 58
5 59
6 59
6 56
7 56
5 57
6 57
-1 14
4 -56
5 -56
3 -55
4 -55
4 -58
5 -58
3 -57
4 -57
6 -54
7 -54
5 -53
6 -53
6 -56
7 -56
5 -55
6 -55
-14 0
56 0
57 0
55 1
56 1
56 -2
57 -2
55 -1
56 -1
58 2
59 2
57 3
58 3
58 0
59 0
57 1
58 1
14 0
-56 0
-55 0
-57 1
-56 1
-56 -2
-55 -2
-57 -1
-56 -1
-54 2
-53 2
-55 3
-54 3
-54 0
-53 0
-55 1
-54 1
0 -14
0 56
1 56
-1 57
0 57
0 54
1 54
-1 55
0 55
2 58
3 58
1 59
2 59
2 56
3 56
1 57
2 57
0 14
0 -56
1 -56
-1 -55
0 -55
0 -58
1 -58
-1 -57
0 -57
2 -54
3 -54
1 -53
2 -53
2 -56
3 -56
1 -55
2 -55
-14 1
56 -4
57 -4
55 -3
56 -3
56 -6
57 -6
55 -5
56 -5
58 -2
59 -2
57 -1
58 -1
58 -4
59 -4
57 -3
58 -3
14 1
-56 -4
-55 -4
-57 -3
-56 -3
-56 -6
-55 -6
-57 -5
-56 -5
-54 -2
-53 -2
-55 -1
-54 -1
-54 -4
-53 -4
-55 -3
-54 -3
1 -14
-4 56
-3 56
-5 57
-4 57
-4 54
-3 54
-5 55
-4 55
-2 58
-1 58
-3 59
-2 59
-2 56
-1 56
-3 57
-2 57
1 14
-4 -56
-3 -56
-5 -55
-4 -55
-4 -58
-3 -58
-5 -57
-4 -57
-2 -54
-1 -54
-3 -53
-2 -53
-2 -56
-1 -56
-3 -55
-2 -55
-14 2
56 -8
57 -8
55 -7
56 -7
56 -10
57 -10
55 -9
56 -9
58 -6
59 -6
57 -5
58 -5
58 -8
59 -8
57 -7
58 -7
14 2
-56 -8
-55 -8
-57 -7
-56 -7
-56 -10
-55 -10
-57 -9
-56 -9
-54 -6
-53 -6
-55 -5
-54 -5
-54 -8
-53 -8
-55 -7
-54 -7
2 -14
-8 56
-7 56
-9 57
-8 57
-8 54
-7 54
-9 55
-8 55
-6 58
-5 58
-7 59
-6 59
-6 56
-5 56
-7 57
-6 57
2 14
-8 -56
-7 -56
-9 -55
-8 -55
-8 -58
-7 -58
-9 -57
-8 -57
-6 -54
-5 -54
-7 -53
-6 -53
-6 -56
-5 -56
-7 -55
-6 -55
-14 3
56 -12
57 -12
55 -11
56 -11
56 -14
57 -14
55 -13
56 -13
58 -10
59 -10
57 -9
58 -9
58 -12
59 -12
57 -11
58 -11
14 3
-56 -12
-55 -12
-57 -11
-56 -11
-56 -14
-55 -14
-57 -13
-56 -13
-54 -10
-53 -10
-55 -9
-54 -9
-54 -12
-53 -12
-55 -11
-54 -11
3 -14
-12 56
-11 56
-13 57
-12 57
-12 54
-11 54
-13 55
-12 55
-10 58
-9 58
-11 59
-10 59
-10 56
-9 56
-11 57
-10 57
3 14
-12 -56
-11 -56
-13 -55
-12 -55
-12 -58
-11 -58
-13 -57
-12 -57
-10 -54
-9 -54
-11 -53
-10 -53
-10 -56
-9 -56
-11 -55
-10 -55
-14 4
56 -16
57 -16
55 -15
56 -15
56 -18
57 -18
55 -17
56 -17
58 -14
59 -14
57 -13
58 -13
58 -16
59 -16
57 -15
58 -15
14 4
-56 -16
-55 -16
-57 -15
-56 -15
-56 -18
-55 -18
-57 -17
-56 -17
-54 -14
-53 -14
-55 -13
-54 -13
-54 -16
-53 -16
-55 -15
-54 -15
4 -14
-16 56
-15 56
-17 57
-16 57
-16 54
-15 54
-17 55
-16 55
-14 58
-13 58
-15 59
-14 59
-14 56
-13 56
-15 57
-14 57
4 14
-16 -56
-15 -56
-17 -55
-16 -55
-16 -58
-15 -58
-17 -57
-16 -57
-14 -54
-13 -54
-15 -53
-14 -53
-14 -56
-13 -56
-15 -55
-14 -55
-14 5
56 -20
57 -20
55 -19
56 -19
56 -22
57 -22
55 -21
56 -21
58 -18
59 -18
57 -17
58 -17
58 -20
59 -20
57 -19
58 -19
14 5
-56 -20
-55 -20
-57 -19
-56 -19
-56 -22
-55 -22
-57 -21
-56 -21
-54 -18
-53 -18
-55 -17
-54 -17
-54 -20
-53 -20
-55 -19
-54 -19
5 -14
-20 56
-19 56
-21 57
-20 57
-20 54
-19 54
-21 55
-20 55
-18 58
-17 58
-19 59
-18 59
-18 56
-17 56
-19 57
-18 57
5 14
-20 -56
-19 -56
-21 -55
-20 -55
-20 -58
-19 -58
-21 -57
-20 -57
-18 -54
-17 -54
-19 -53
-18 -53
-18 -56
-17 -56
-19 -55
-18 -55
-14 6
56 -24
57 -24
55 -23
56 -23
56 -26
57 -26
55 -25
56 -25
58 -22
59 -22
57 -21
58 -21
58 -24
59 -24
57 -23
58 -23
14 6
-56 -24
-55 -24
-57 -23
-56 -23
-56 -26
-55 -26
-57 -25
-56 -25
-54 -22
-53 -22
-55 -21
-54 -21
-54 -24
-53 -24
-55 -23
-54 -23
6 -14
-24 56
-23 56
-25 57
-24 57
-24 54
-23 54
-25 55
-24 55
-22 58
-21 58
-23 59
-22 59
-22 56
-21 56
-23 57
-22 57
6 14
-24 -56
-23 -56
-25 -55
-24 -55
-24 -58
-23 -58
-25 -57
-24 -57
-22 -54
-21 -54
-23 -53
-22 -53
-22 -56
-21 -56
-23 -55
-22 -55
-14 7
56 -28
57 -28
55 -27
56 -27
56 -30
57 -30
55 -29
56 -29
58 -26
59 -26
57 -25
58 -25
58 -28
59 -28
57 -27
58 -27
14 7
-56 -28
-55 -28
-57 -27
-56 -27
-56 -30
-55 -30
-57 -29
-56 -29
-54 -26
-53 -26
-55 -25
-54 -25
-54 -28
-53 -28
-55 -27
-54 -27
7 -14
-28 56
-27 56
-29 57
-28 57
-28 54
-27 54
-29 55
-28 55
-26 58
-25 58
-27 59
-26 59
-26 56
-25 56
-27 57
-26 57
7 14
-28 -56
-27 -56
-29 -55
-28 -55
-28 -58
-27 -58
-29 -57
-28 -57
-26 -54
-25 -54
-27 -53
-26 -53
-26 -56
-25 -56
-27 -55
-26 -55
-14 8
56 -32
57 -32
55 -31
56 -31
56 -34
57 -34
55 -33
56 -33
58 -30
59 -30
57 -29
58 -29
58 -32
59 -32
57 -31
58 -31
14 8
-56 -32
-55 -32
-57 -31
-56 -31
-56 -34
-55 -34
-57 -33
-56 -33
-54 -30
-53 -30
-55 -29
-54 -29
-54 -32
-53 -32
-55 -31
-54 -31
8 -14
-32 56
-31 56
-33 57
-32 57
-32 54
-31 54
-33 55
-32 55
-30 58
-29 58
-31 59
-30 59
-30 56
-29 56
-31 57
-30 57
8 14
-32 -56
-31 -56
-33 -55
-32 -55
-32 -58
-31 -58
-33 -57
-32 -57
-30 -54
-29 -54
-31 -53
-30 -53
-30 -56
-29 -56
-31 -55
-30 -55
-14 9
56 -36
57 -36
55 -35
56 -35
56 -38
57 -38
55 -37
56 -37
58 -34
59 -34
57 -33
58 -33
58 -36
59 -36
57 -35
58 -35
14 9
-56 -36
-55 -36
-57 -35
-56 -35
-56 -38
-55 -38
-57 -37
-56 -37
-54 -34
-53 -34
-55 -33
-54 -33
-54 -36
-53 -36
-55 -35
-54 -35
9 -14
-36 56
-35 56
-37 57
-36 57
-36 54
-35 54
-37 55
-36 55
-34 58
-33 58
-35 59
-34 59
-34 56
-33 56
-35 57
-34 57
9 14
-36 -56
-35 -56
-37 -55
-36 -55
-36 -58
-35 -58
-37 -57
-36 -57
-34 -54
-33 -54
-35 -53
-34 -53
-34 -56
-33 -56
-35 -55
-34 -55
-14 10
56 -40
57 -40
55 -39
56 -39
56 -42
57 -42
55 -41
56 -41
58 -38
59 -38
57 -37
58 -37
58 -40
59 -40
57 -39
58 -39
14 10
-56 -40
-55 -40
-57 -39
-56 -39
-56 -42
-55 -42
-57 -41
-56 -41
-54 -38
-53 -38
-55 -37
-54 -37
-54 -40
-53 -40
-55 -39
-54 -39
10 -14
-40 56
-39 56
-41 57
-40 57
-40 54
-39 54
-41 55
-40 55
-38 58
-37 58
-39 59
-38 59
-38 56
-37 56
-39 57
-38 57
10 14
-40 -56
-39 -56
-41 -55
-40 -55
-40 -58
-39 -58
-41 -57
-40 -57
-38 -54
-37 -54
-39 -53
-38 -53
-38 -56
-37 -56
-39 -55
-38 -55
-14 11
56 -44
57 -44
55 -43
56 -43
56 -46
57 -46
55 -45
56 -45
58 -42
59 -42
57 -41
58 -41
58 -44
59 -44
57 -43
58 -43
14 11
-56 -44
-55 -44
-57 -43
-56 -43
-56 -46
-55 -46
-57 -45
-56 -45
-54 -42
-53 -42
-55 -41
-54 -41
-54 -44
-53 -44
-55 -43
-54 -43
11 -14
-44 56
-43 56
-45 57
-44 57
-44 54
-43 54
-45 55
-44 55
-42 58
-41 58
-43 59
-42 59
-42 56
-41 56
-43 57
-42 57
11 14
-44 -56
-43 -56
-45 -55
-44 -55
-44 -58
-43 -58
-45 -57
-44 -57
-42 -54
-41 -54
-43 -53
-42 -53
-42 -56
-41 -56
-43 -55
-42 -55
-14 12
56 -48
57 -48
55 -47
56 -47
56 -50
57 -50
55 -49
56 -49
58 -46
59 -46
57 -45
58 -45
58 -48
59 -48
57 -47
58 -47
14 12
-56 -48
-55 -48
-57 -47
-56 -47
-56 -50
-55 -50
-57 -49
-56 -49
-54 -46
-53 -46
-55 -45
-54 -45
-54 -48
-53 -48
-55 -47
-54 -47
12 -14
-48 56
-47 56
-49 57
-48 57
-48 54
-47 54
-49 55
-48 55
-46 58
-45 58
-47 59
-46 59
-46 56
-45 56
-47 57
-46 57
12 14
-48 -56
-47 -56
-49 -55
-48 -55
-48 -58
-47 -58
-49 -57
-48 -57
-46 -54
-45 -54
-47 -53
-46 -53
-46 -56
-45 -56
-47 -55
-46 -55
-14 13
56 -52
57 -52
55 -51
56 -51
56 -54
57 -54
55 -53
56 -53
58 -50
59 -50
57 -49
58 -49
58 -52
59 -52
57 -51
58 -51
14 13
-56 -52
-55 -52
-57 -51
-56 -51
-56 -54
-55 -54
-57 -53
-56 -53
-54 -50
-53 -50
-55 -49
-54 -49
-54 -52
-53 -52
-55 -51
-54 -51
13 -14
-52 56
-51 56
-53 57
-52 57
-52 54
-51 54
-53 55
-52 55
-50 58
-49 58
-51 59
-50 59
-50 56
-49 56
-51 57
-50 57
13 14
-52 -56
-51 -56
-53 -55
-52 -55
-52 -58
-51 -58
-53 -57
-52 -57
-50 -54
-49 -54
-51 -53
-50 -53
-50 -56
-49 -56
-51 -55
-50 -55
-14 14
56 -56
57 -56
55 -55
56 -55
56 -58
57 -58
55 -57
56 -57
58 -54
59 -54
57 -53
58 -53
58 -56
59 -56
57 -55
58 -55
14 14
-56 -56
-55 -56
-57 -55
-56 -55
-56 -58
-55 -58
-57 -57
-56 -57
-54 -54
-53 -54
-55 -53
-54 -53
-54 -56
-53 -56
-55 -55
-54 -55
14 -14
-56 56
-55 56
-57 57
-56 57
-56 54
-55 54
-57 55
-56 55
-54 58
-53 58
-55 59
-54 59
-54 56
-53 56
-55 57
-54 57
14 14
-56 -56
-55 -56
-57 -55
-56 -55
-56 -58
-55 -58
-57 -57
-56 -57
-54 -54
-53 -54
-55 -53
-54 -53
-54 -56
-53 -56
-55 -55
-54 -55
