0 45800
1 45738
2 51645
3 51599
4 52597
5 53073
6 52559
7 53039
8 54025
9 53999
10 45308
11 56881
12 51249
13 44954
14 56879
15 52249
16 52749
17 58785
18 53749
19 59737
20 58799
21 50943
22 44528
23 59759
24 51967
25 52479
26 61641
27 53503
28 50565
29 62593
30 56749
31 61679
32 44030
33 62639
34 51613
35 64021
36 43848
37 52137
38 58749
39 64079
40 53185
41 50115
42 56575
43 59749
44 49949
45 51187
46 43254
47 66877
48 51723
49 51029
50 67353
51 58623
52 61749
53 51569
54 66959
55 52795
56 56329
57 67439
58 42818
59 59647
60 62749
61 52649
62 49403
63 42588
64 50507
65 64249
66 58425
67 61695
68 51059
69 48999
70 56011
71 59473
72 62719
73 71637
74 48785
75 52163
76 50119
77 55889
78 50679
79 71759
80 49913
81 73065
82 67249
83 64255
84 58155
85 50477
86 51799
87 61569
88 67749
89 41318
90 73199
91 58049
92 59227
93 51605
94 62617
95 55475
96 59129
97 75445
98 64189
99 67327
100 47595
101 61371
102 75599
103 67839
104 76873
105 55159
106 57683
107 48763
108 61289
109 62443
110 54989
111 49347
112 77039
113 72249
114 78301
115 58787
116 62369
117 78777
118 50515
119 57399
120 64051
121 67333
122 78479
123 73749
124 67857
125 78959
126 57245
127 39204
128 78663
129 63989
130 58519
131 60995
132 58373
133 72447
134 78857
135 62099
136 38528
137 76249
138 67267
139 60759
140 82585
141 45593
142 54019
143 38178
144 73983
145 67803
146 63755
147 67229
148 60629
149 77749
150 61879
151 82799
152 46817
153 84013
154 67769
155 44949
156 47429
157 72573
158 37454
159 61757
160 56355
161 79249
162 84239
163 63559
164 44615
165 76543
166 85441
167 79749
168 48653
169 46189
170 85917
171 74145
172 57523
173 46809
174 63449
175 45863
176 67067
177 85679
178 78079
179 79707
180 86159
181 43923
182 67619
183 46487
184 87345
185 48049
186 72627
187 45187
188 47735
189 59859
190 79615
191 87599
192 66919
193 76765
194 88773
195 72629
196 80127
197 45819
198 67479
199 52325
200 74235
201 83749
202 61027
203 66833
204 89725
205 89039
206 90201
207 67397
208 47083
209 78337
210 74249
211 80121
212 34668
213 89999
214 85249
215 51769
216 62779
217 90479
218 54773
219 79909
220 76915
221 72587
222 51479
223 80433
224 86749
225 55997
226 93057
227 87249
228 84223
229 76949
230 41249
231 33354
232 78523
233 54249
234 74243
235 80463
236 50875
237 72519
238 93359
239 88749
240 85759
241 53975
242 78569
243 42569
244 66283
245 55489
246 80131
247 72473
248 58445
249 95437
250 66867
251 43229
252 80667
253 95913
254 55223
255 74199
256 90249
257 87295
258 39983
259 80189
260 77003
261 53403
262 84625
263 59669
264 87807
265 95759
266 44549
267 96865
268 80729
269 74165
270 91249
271 96239
272 57969
273 80733
274 41327
275 91749
276 54667
277 31004
278 97199
279 78659
280 86197
281 89343
282 41999
283 98293
284 57719
285 61505
286 80807
287 59209
288 76999
289 30510
290 98639
291 43343
292 58967
293 99721
294 87769
295 90879
296 80315
297 76985
298 84955
299 100197
300 88293
301 80867
302 57195
303 78679
304 61069
305 94749
306 29498
307 72123
308 48509
309 91903
310 37713
311 100079
312 85049
313 92415
314 100559
315 60839
316 78677
317 58459
318 37235
319 86563
320 89865
321 80981
322 80359
323 65177
324 39097
325 73875
326 80919
327 65789
328 39789
329 86669
330 103053
331 38627
332 97249
333 80369
334 88171
335 27920
336 51149
337 91437
338 36255
339 60355
340 97749
341 47375
342 39323
343 80933
344 88707
345 104005
346 64789
347 41173
348 81057
349 95487
350 103439
351 92485
352 88289
353 98749
354 52469
355 85283
356 65409
357 37663
358 93009
359 88829
360 40715
361 64583
362 104399
363 76795
364 105433
365 90315
366 81083
367 38367
368 65207
369 100249
370 34725
371 50063
372 86939
373 90449
374 105839
375 98047
376 25704
377 39775
378 91923
379 85399
380 78547
381 107337
382 64147
383 55109
384 98559
385 101749
386 51407
387 36157
388 64779
389 102249
390 88595
391 96153
392 92995
393 71297
394 85445
395 92069
396 45325
397 36873
398 99583
399 89147
400 56429
401 93531
402 107759
403 87079
404 80299
405 44891
406 93149
407 80883
408 23958
409 109717
410 38305
411 32573
412 93689
413 87137
414 101119
415 73133
416 90803
417 54095
418 70989
419 88759
420 58409
421 98773
422 89319
423 105249
424 110159
425 48093
426 81093
427 43999
428 99297
429 34037
430 70823
431 102655
432 111621
433 55439
434 88829
435 96747
436 92459
437 103167
438 34769
439 106249
440 47675
441 89393
442 72849
443 100345
444 22140
445 49477
446 30875
447 90999
448 112079
449 93563
450 76193
451 96929
452 72695
453 49067
454 36233
455 107749
456 94115
457 70467
458 57455
459 101917
460 91085
461 114001
462 46815
463 32363
464 42601
465 20888
466 85555
467 92679
468 99427
469 62369
470 33107
471 78029
472 106239
473 99963
474 63029
475 52245
476 29105
477 75949
478 114479
479 103489
480 48223
481 93799
482 72363
483 109749
484 92777
485 99629
486 87307
487 115905
488 104013
489 94359
490 107263
491 101035
492 51851
493 34595
494 100169
495 75815
496 53629
497 93905
498 18950
499 79865
500 30617
501 97427
502 45465
503 27885
504 77809
505 94469
506 117333
507 116399
508 80477
509 101249
510 31373
511 89059
512 108799
513 53243
514 61487
515 102643
516 40625
517 112249
518 89643
519 51039
520 77687
521 62159
522 46897
523 29413
524 75523
525 118761
526 55705
527 117839
528 79669
529 102869
530 32885
531 107157
532 80771
533 104251
534 97719
535 30177
536 100187
537 52447
538 119713
539 80289
540 110847
541 55331
542 25995
543 104787
544 91395
545 114249
546 108205
547 79559
548 119279
549 100739
550 16254
551 77419
552 97853
553 104489
554 39059
555 80183
556 43553
557 31705
558 120239
559 68969
560 105029
561 49761
562 101843
563 27547
564 80607
565 121617
566 93147
567 109777
568 54559
569 14858
570 28323
571 100519
572 113407
573 45017
574 85373
575 79315
576 116749
577 51193
578 80513
579 101079
580 94315
581 59857
582 103499
583 123045
584 122159
585 79947
586 108003
587 70949
588 94899
589 100673
590 23363
591 60549
592 37421
593 42035
594 29875
595 111873
596 102199
597 59507
598 123997
599 101237
600 87209
601 109075
602 115455
603 68207
604 108269
605 123599
606 118749
607 60203
608 105155
609 85249
610 53341
611 80301
612 24947
613 105707
614 102365
615 47945
616 43523
617 21999
618 124559
619 36289
620 109349
621 103879
622 11970
623 110683
624 85175
625 125901
626 25739
627 89045
628 58783
629 120249
630 70223
631 114493
632 74249
633 87109
634 89657
635 40445
636 49409
637 59487
638 126853
639 118015
640 104057
641 23599
642 98403
643 110969
644 105559
645 126479
646 27323
647 121749
648 87047
649 24399
650 106119
651 112827
652 85003
653 41957
654 46499
655 88969
656 127439
657 34531
658 91493
659 76229
660 109019
661 116589
662 122749
663 105749
664 39345
665 51605
666 120063
667 89589
668 19175
669 57637
670 106313
671 113129
672 25999
673 88919
674 110123
675 47987
676 73583
677 66777
678 58353
679 101323
680 86899
681 40873
682 130185
683 89543
684 8180
685 93329
686 78209
687 121599
688 101907
689 124749
690 20807
691 115507
692 176
693 91449
694 66467
695 78869
696 7398
697 119209
698 109479
699 44981
700 111779
701 21623
702 94553
703 37635
704 103075
705 130799
706 75599
707 68853
708 50219
709 88795
710 123135
711 115829
712 91415
713 126249
714 95165
715 32075
716 110599
717 1904
718 109697
719 132565
720 89427
721 46493
722 93309
723 117651
724 68555
725 124159
726 65823
727 79307
728 39187
729 23255
730 127249
731 2480
732 43929
733 121305
734 55997
735 104827
736 113987
737 15465
738 110825
739 77615
740 93287
741 94549
742 112279
743 56729
744 133199
745 30799
746 117989
747 14699
748 91323
749 78287
750 95169
751 45457
752 122877
753 48761
754 126207
755 129249
756 106579
757 67935
758 94535
759 17137
760 72313
761 112517
762 35243
763 135421
764 120331
765 3368
766 107163
767 98837
768 95159
769 135897
770 17973
771 130249
772 16379
773 42291
774 114519
775 116747
776 64797
777 84149
778 93219
779 54683
780 124449
781 72035
782 2538
783 78761
784 5936
785 127743
786 120689
787 17219
788 36827
789 47749
790 136079
791 55427
792 33999
793 5526
794 74389
795 125497
796 136559
797 114773
798 122475
799 128767
800 94483
801 7088
802 43843
803 19645
804 28151
805 138277
806 95115
807 98889
808 86129
809 66945
810 118955
811 74123
812 18899
813 71455
814 138753
815 101897
816 35599
817 10749
818 117319
819 122849
820 124083
821 110667
822 8816
823 102509
824 76465
825 53297
826 7686
827 98903
828 127593
829 133749
830 130815
831 139705
832 83663
833 138959
834 9935
835 46171
836 39995
837 140181
838 77157
839 54053
840 88109
841 139439
842 111835
843 117593
844 63317
845 76211
846 103733
847 124469
848 131839
849 12469
850 73567
851 125691
852 88769
853 129165
854 121715
855 31415
856 119559
857 76907
858 140399
859 101989
860 1322
861 52333
862 13329
863 11663
864 41579
865 11120
866 140879
867 85679
868 126763
869 70525
870 102609
871 1806
